0 1
0 2
0 3
0 4
0 5
0 6
0 7
0 8
9 10
9 11
9 12
9 13
9 14
9 15
9 16
9 17
9 18
9 19
9 20
9 21
9 22
9 23
9 24
9 25
9 26
9 27
9 28
29 10
29 12
29 30
29 31
29 2
29 3
29 4
29 22
29 24
29 25
29 32
29 33
29 5
29 26
29 6
29 7
29 8
29 34
29 35
36 37
36 38
36 39
4 30
4 2
4 3
4 5
4 7
4 8
6 30
6 2
6 4
6 22
6 25
6 40
6 32
6 33
6 5
6 7
6 8
17 10
17 41
17 18
17 19
17 20
17 21
17 22
17 25
17 40
17 32
17 33
17 26
17 27
17 28
25 42
25 10
25 1
25 43
25 11
25 41
25 12
25 44
25 13
25 14
25 0
25 30
25 31
25 15
25 16
25 18
25 2
25 20
25 3
25 4
25 21
25 22
25 23
25 24
25 40
25 32
25 5
25 45
25 26
25 27
25 7
25 8
25 34
25 46
25 35
25 47
10 11
10 41
10 12
10 13
10 31
10 16
10 18
10 2
10 20
10 21
10 22
10 23
10 24
10 40
10 33
10 45
10 26
10 27
10 28
10 7
10 8
10 46
10 47
48 31
49 31
7 1
7 30
7 50
7 2
7 3
7 40
7 32
7 33
7 5
7 8
7 35
40 13
40 16
40 18
40 2
40 21
40 22
40 23
40 33
40 26
18 41
18 20
18 21
18 22
18 32
18 26
18 28
34 31
34 51
34 5
34 52
34 8
30 1
30 0
30 53
30 31
30 15
30 2
30 3
30 32
30 33
30 5
30 26
30 8
30 48
30 35
22 42
22 31
22 20
22 21
22 23
22 24
22 33
22 26
22 28
22 47
5 31
5 2
5 3
5 8
37 38
16 11
16 12
16 44
16 13
16 31
16 15
16 20
16 22
16 23
16 24
16 26
3 31
3 49
3 2
3 6
3 40
3 33
26 42
26 41
26 20
26 21
26 32
26 27
54 55
35 0
35 31
35 2
35 3
35 4
35 40
35 32
35 5
35 6
35 8
47 26
56 57
56 31
24 12
24 44
8 36
8 58
8 54
8 1
8 59
8 38
8 57
8 31
8 3
8 22
8 51
8 24
8 60
8 56
8 55
8 40
8 32
8 33
8 52
8 48
11 12
11 13
11 31
11 15
11 22
11 23
11 24
11 33
11 8
57 36
57 37
57 38
57 31
57 52
57 48
57 39
1 29
1 38
1 53
1 57
1 31
1 22
1 24
1 32
1 5
1 6
1 48
38 31
38 56
38 39
13 12
13 14
13 22
13 23
13 24
13 32
13 33
20 21
20 27
20 28
61 62
61 63
61 64
63 65
63 62
63 66
63 67
63 68
63 69
63 70
63 71
63 72
73 74
75 76
77 62
77 67
77 78
77 79
77 63
77 71
77 64
77 80
81 67
81 63
81 64
69 68
69 64
82 71
82 64
66 83
84 66
84 69
84 85
84 63
84 86
84 72
83 67
83 63
83 82
83 64
87 88
89 63
88 77
88 68
88 79
88 64
80 90
80 62
80 83
80 66
80 67
80 91
80 88
80 64
80 63
92 68
92 93
92 88
92 62
92 67
92 78
92 63
92 64
94 63
94 64
85 65
85 77
85 95
85 90
85 62
85 74
85 83
85 66
85 96
85 67
85 97
85 69
85 91
85 81
85 92
85 63
85 93
85 88
85 86
85 98
85 64
85 72
85 61
99 63
99 93
100 63
101 64
101 62
101 66
101 67
101 63
101 86
91 63
102 62
102 68
102 91
102 63
102 103
102 88
102 64
102 72
72 90
72 62
72 74
72 83
72 66
72 67
72 68
72 91
72 86
72 64
70 100
70 62
70 67
70 69
70 72
71 62
71 94
71 83
71 66
71 67
71 78
71 97
71 69
71 85
71 93
71 88
71 64
104 105
104 106
106 107
108 31
48 109
110 31
111 31
111 112
111 113
111 48
111 110
114 112
115 31
57 115
109 31
116 117
116 86
116 118
116 119
116 120
119 86
119 121
121 117
121 86
121 116
122 123
124 125
126 127
126 128
126 129
126 130
125 128
131 132
133 134
133 135
134 136
134 131
137 138
72 139
140 93
140 141
140 142
143 144
143 145
143 146
143 147
143 148
143 149
143 150
143 151
143 152
143 153
143 154
143 141
143 155
143 156
143 157
143 158
143 159
143 160
143 142
143 161
143 162
143 163
143 164
143 165
143 166
147 144
147 145
147 149
147 93
147 155
147 158
147 160
162 145
162 146
162 155
162 160
162 144
162 149
162 161
162 150
162 151
162 156
162 158
162 142
162 147
162 152
162 153
162 154
162 141
159 161
159 163
159 150
159 151
159 153
159 141
159 156
159 157
160 144
160 145
160 149
160 155
160 158
157 167
157 141
157 155
157 156
163 167
163 148
163 161
163 93
163 150
163 151
163 154
163 168
163 164
163 155
163 165
163 166
163 142
148 169
148 150
148 151
148 153
148 154
148 141
148 155
148 156
148 159
148 142
149 144
149 151
149 153
149 155
149 158
111 34
170 171
170 172
170 173
170 174
170 175
171 176
171 172
171 173
171 174
171 177
171 178
179 180
179 177
179 178
181 171
181 176
181 170
181 173
181 177
181 178
178 177
178 176
178 96
173 174
173 177
173 178
173 175
172 173
172 174
180 177
180 178
174 182
174 177
174 178
174 175
183 184
185 183
185 184
186 187
186 188
186 189
186 190
186 191
186 192
190 187
190 188
190 193
190 189
190 191
192 194
192 195
189 187
189 188
189 192
189 196
191 187
191 188
191 189
197 198
197 199
197 200
199 198
200 198
200 199
201 198
202 203
203 204
205 206
88 207
88 153
208 209
208 210
208 88
211 207
211 88
212 213
214 215
214 216
214 217
214 218
214 219
214 220
215 221
215 220
215 222
215 223
224 215
224 218
224 221
224 220
224 222
224 225
224 226
224 227
217 215
217 216
217 218
217 223
217 227
228 215
228 217
228 218
228 229
228 221
228 222
228 223
228 227
222 217
222 218
222 227
222 214
230 215
230 218
230 221
230 225
230 227
216 215
216 218
216 223
216 227
225 215
225 220
225 227
231 215
231 217
231 218
231 232
231 222
231 223
231 226
231 227
218 215
218 220
218 227
233 234
233 235
233 236
233 237
233 238
233 239
236 234
236 235
236 237
236 238
235 234
235 237
240 233
240 234
240 235
240 236
240 237
237 241
237 238
241 233
241 234
241 240
241 235
241 236
234 237
238 242
238 234
238 235
243 244
243 245
246 68
246 247
246 80
80 213
248 213
248 247
248 80
248 249
248 250
248 68
247 68
215 251
215 252
215 253
215 254
215 255
215 256
215 257
215 258
215 259
260 261
260 262
260 263
260 264
260 265
266 267
266 268
266 269
266 270
266 271
266 221
266 272
266 273
271 221
271 272
271 273
271 154
269 270
269 271
269 221
269 272
270 221
274 275
274 276
274 277
274 278
274 279
280 279
278 275
278 281
278 276
278 277
278 279
276 275
282 275
279 276
283 284
283 285
283 286
287 288
287 62
287 289
287 79
287 290
287 291
292 283
292 284
292 285
292 290
292 286
292 287
292 293
292 291
284 285
293 291
294 132
294 252
294 295
294 296
294 297
294 298
294 299
294 300
294 301
294 302
301 210
299 300
299 302
303 304
303 210
303 305
99 220
99 306
146 290
146 307
131 308
309 310
309 308
309 72
72 310
72 209
72 308
311 312
311 150
311 141
311 155
311 257
313 314
313 315
313 316
313 317
313 318
315 314
315 316
315 317
315 318
316 314
316 317
316 318
63 319
63 320
63 290
63 152
63 139
63 321
63 322
63 323
63 324
319 325
319 74
319 69
319 139
72 290
70 320
324 62
324 68
324 290
321 322
326 327
328 87
328 329
328 176
328 330
328 326
328 331
328 327
328 135
328 332
87 135
333 334
335 334
336 275
336 337
336 51
336 123
336 142
338 339
338 337
338 340
338 123
338 341
338 155
338 257
338 305
338 342
338 343
340 344
340 275
340 130
340 341
340 142
345 336
345 346
345 339
345 337
345 340
345 338
345 150
345 130
345 51
345 341
345 155
345 343
345 347
345 142
346 150
346 305
346 342
346 142
339 337
339 154
339 155
275 123
275 142
337 346
337 275
337 340
337 150
337 130
337 51
337 341
337 155
337 257
337 343
337 347
347 348
347 336
347 339
347 340
347 338
347 150
347 123
347 306
347 341
347 343
349 120
350 116
351 118
351 116
351 120
351 125
124 116
124 120
352 353
352 116
120 354
125 355
125 183
125 350
125 353
125 116
125 120
125 354
125 356
357 358
70 270
70 358
270 357
270 358
359 288
359 360
359 361
362 363
362 364
362 365
362 366
362 367
362 368
362 369
362 370
367 371
367 372
366 364
366 365
366 368
365 364
365 368
373 374
373 375
376 377
212 209
212 378
379 90
380 381
380 95
380 90
380 382
380 308
380 383
383 381
383 384
383 90
383 385
383 386
383 308
382 381
382 95
382 90
382 385
387 225
387 388
387 389
390 225
390 391
390 387
390 389
390 392
390 287
388 389
389 225
389 393
392 225
392 391
392 387
392 389
392 393
394 395
395 138
49 396
397 398
397 123
162 399
162 400
162 401
162 398
162 123
162 402
162 403
162 307
162 404
162 405
162 406
162 407
162 408
162 409
162 410
162 411
162 412
162 413
162 414
162 415
162 416
162 130
162 417
162 418
412 410
412 411
412 400
412 144
412 401
412 149
412 398
412 150
412 130
412 141
412 123
412 307
412 407
160 399
160 414
160 402
160 403
160 307
160 404
160 405
160 407
160 409
160 418
409 411
409 399
409 401
409 419
409 398
409 403
409 307
409 405
409 407
420 421
420 422
420 423
420 407
414 417
414 141
407 410
407 421
407 422
407 423
407 406
407 399
407 400
407 144
407 397
407 145
407 401
407 149
407 398
407 161
407 414
407 150
407 151
407 130
407 417
407 141
407 123
407 424
407 403
407 405
407 408
407 418
407 425
421 422
421 423
404 399
404 403
404 307
404 405
404 407
404 426
403 411
403 144
403 145
403 401
403 398
403 413
403 151
403 123
403 402
403 307
403 405
405 307
146 403
427 411
427 400
427 412
427 150
427 123
427 403
423 422
413 400
413 144
413 428
413 401
413 398
413 412
413 151
413 123
413 405
413 407
413 408
413 160
419 417
419 407
402 411
402 406
402 400
402 146
402 401
402 149
402 412
402 427
402 151
402 123
402 307
402 407
149 411
149 399
149 400
149 398
149 123
149 403
149 307
149 408
149 418
429 141
430 429
431 432
431 374
431 207
431 263
431 93
431 433
431 358
431 51
431 141
431 434
431 430
431 429
435 436
435 53
436 437
438 439
438 440
438 441
438 442
438 443
438 444
444 439
444 440
444 443
445 446
445 447
445 448
448 446
448 447
449 450
449 62
451 452
451 453
454 83
454 67
454 455
454 456
83 455
455 67
455 457
456 67
456 457
456 458
147 410
147 411
147 418
350 411
350 147
459 460
461 147
462 411
462 145
463 464
463 465
463 466
463 467
463 468
463 469
463 470
469 466
469 467
469 471
469 468
464 472
464 473
471 466
471 463
471 470
474 475
474 476
474 477
474 403
474 478
474 479
474 480
479 476
479 403
479 478
480 406
480 476
480 161
480 481
480 403
480 478
480 479
403 476
403 478
478 476
478 442
478 481
481 442
476 161
406 481
482 483
482 484
482 469
482 73
483 484
483 113
484 167
484 485
484 469
140 320
140 486
373 70
373 320
373 486
397 283
397 275
397 285
397 487
283 275
283 488
283 487
283 356
487 284
487 275
487 292
487 285
487 290
487 286
487 291
487 356
292 310
292 275
292 123
292 356
284 310
284 123
285 488
489 275
489 490
489 491
275 491
492 275
492 489
492 490
492 491
493 494
493 495
493 496
493 497
498 499
498 500
498 501
498 306
496 494
496 495
496 497
496 223
496 71
348 493
348 496
223 71
501 499
501 500
499 500
495 494
495 497
497 494
497 499
497 498
497 500
497 501
502 503
502 210
502 374
502 442
502 264
502 504
502 417
61 209
61 442
61 327
61 505
61 290
61 139
61 506
61 507
508 509
508 327
63 209
63 327
63 505
81 139
309 63
83 507
510 83
510 63
510 506
510 507
505 139
505 511
505 506
505 290
85 209
85 510
85 442
85 505
85 290
85 507
85 512
507 209
507 91
507 63
507 505
507 290
507 513
72 505
72 511
72 506
72 507
514 83
514 63
514 327
514 72
514 505
515 209
55 516
517 169
517 51
518 113
262 519
262 62
262 520
262 521
262 324
262 522
262 67
262 523
262 524
262 486
262 206
523 62
523 67
523 524
523 206
519 521
519 522
520 524
524 206
524 521
324 521
525 246
525 264
454 526
454 524
454 64
524 83
524 330
524 455
83 330
83 527
87 455
510 455
510 64
528 455
528 64
455 526
455 330
455 491
455 520
455 64
529 128
529 64
507 67
507 491
507 64
330 491
330 64
530 67
530 330
530 455
530 507
208 455
208 91
208 289
208 507
208 531
208 532
455 209
455 210
455 532
531 455
507 210
507 532
289 210
533 534
533 535
533 536
533 537
533 538
533 539
533 540
533 541
533 542
533 281
533 543
533 544
533 254
533 545
533 546
533 547
533 548
533 549
533 550
533 551
533 552
533 39
533 553
534 535
534 536
534 539
534 540
534 554
534 542
534 281
534 543
534 544
534 546
534 547
534 548
534 549
534 550
534 552
546 535
546 536
546 539
546 540
546 554
546 542
546 281
546 543
546 544
546 547
546 548
546 551
546 552
535 550
535 551
539 535
539 536
539 538
539 540
539 554
539 542
539 281
539 555
539 543
539 544
539 556
539 545
539 547
539 548
539 550
539 551
539 552
544 557
541 534
541 558
541 535
541 536
541 538
541 539
541 540
541 554
541 542
541 281
541 557
541 555
541 543
541 544
541 556
541 546
541 547
541 548
541 549
541 550
541 551
541 552
559 221
559 272
559 486
559 560
559 561
459 221
459 272
459 486
459 560
459 150
459 559
562 10
562 329
562 563
562 564
562 565
562 18
562 19
562 20
562 21
562 22
562 25
562 26
562 28
566 10
566 567
566 568
566 22
565 329
565 563
564 10
564 329
564 41
564 563
564 569
564 570
564 565
564 17
564 18
564 20
564 21
564 22
564 24
564 32
564 33
564 26
564 28
571 567
571 22
17 562
25 567
25 572
25 573
25 571
569 10
569 41
569 563
569 562
569 565
569 17
569 18
569 20
569 21
569 22
569 25
569 40
569 32
569 33
569 26
569 329
569 12
569 574
569 16
569 23
569 24
569 27
569 28
574 10
574 563
574 562
574 565
574 20
574 21
574 22
574 26
10 575
10 576
10 567
10 572
10 577
10 578
10 568
10 573
10 571
572 567
572 22
572 32
572 26
572 47
18 579
580 10
580 576
580 567
580 12
580 568
580 22
580 26
580 571
22 575
22 576
22 567
22 578
563 329
563 280
567 576
567 577
567 24
567 26
47 567
47 568
576 575
576 572
576 566
576 12
576 568
576 24
576 32
576 26
576 571
11 567
11 568
570 10
570 329
570 41
570 563
570 562
570 569
570 565
570 581
570 20
570 21
570 22
570 32
570 26
570 27
570 28
13 571
124 210
582 175
583 584
583 460
583 175
70 210
70 175
70 583
584 460
584 175
585 586
587 588
336 461
336 589
336 502
336 398
336 432
336 373
336 590
336 583
147 591
147 401
147 398
147 123
147 341
147 583
147 402
147 592
147 403
147 478
147 593
147 408
147 409
162 51
162 592
162 478
162 341
162 583
162 593
162 480
162 462
162 461
162 459
162 594
162 595
162 122
162 591
162 596
162 350
162 597
162 598
162 432
162 599
162 373
162 590
162 504
162 600
162 601
350 427
350 123
350 341
350 583
350 403
350 593
602 432
602 373
602 504
595 583
595 403
409 591
409 583
409 592
409 478
409 593
598 397
598 398
598 416
598 51
598 123
598 341
598 156
598 52
598 603
459 51
480 411
480 144
480 397
480 145
480 591
480 401
480 398
480 413
480 427
480 123
480 341
480 156
480 583
480 592
480 158
480 593
480 409
480 425
373 502
373 432
373 599
373 601
122 461
122 589
122 398
122 584
122 413
122 602
122 432
122 599
122 373
122 504
122 341
122 583
122 592
122 52
403 51
403 583
403 592
403 158
403 593
461 589
461 337
461 398
461 604
461 432
461 583
461 592
461 123
461 403
461 52
583 123
591 590
591 416
591 123
591 341
591 156
591 418
427 593
462 591
462 401
462 583
462 402
462 592
462 403
462 478
462 593
462 409
413 591
413 598
413 164
413 341
413 156
413 583
413 592
413 52
413 478
413 593
604 591
604 584
604 373
604 504
604 583
604 592
604 403
604 593
402 591
402 583
402 592
402 478
402 593
402 480
605 606
607 608
607 609
607 176
607 610
607 611
607 612
607 613
607 614
607 615
607 616
607 617
610 616
610 617
616 608
616 611
616 613
616 614
616 617
608 609
608 610
608 611
608 613
608 614
608 615
608 617
608 176
618 220
618 206
619 620
167 176
620 167
621 622
622 623
623 530
623 624
131 91
131 625
131 521
91 521
626 627
626 628
626 629
626 630
626 631
626 31
631 627
631 628
631 629
631 630
627 628
627 629
627 630
627 31
627 599
630 629
630 31
598 632
598 568
598 633
598 634
598 155
598 257
598 47
635 632
635 598
635 634
635 416
635 636
635 51
635 123
635 155
635 257
635 52
60 632
60 123
603 632
523 210
208 432
208 206
373 210
373 207
373 263
373 637
373 638
373 358
70 432
70 123
639 334
639 640
639 641
639 642
639 643
639 644
639 645
639 646
639 223
639 71
639 227
223 334
223 647
223 526
223 642
223 644
223 648
643 647
643 641
643 642
643 649
643 644
643 441
643 223
643 71
643 391
642 334
642 644
642 71
642 641
646 645
644 334
644 647
644 641
644 457
644 71
644 391
644 649
181 223
181 71
649 650
649 651
649 645
649 639
649 223
649 71
649 652
649 227
231 334
647 334
647 640
647 641
647 642
647 649
647 639
647 71
647 391
647 227
441 506
641 223
641 71
71 506
653 654
653 655
653 656
653 491
657 658
657 659
659 658
660 632
660 273
140 661
140 327
140 273
140 662
124 651
124 264
124 93
124 327
124 273
124 443
661 327
70 264
70 327
662 661
662 327
662 273
663 664
663 665
663 666
663 667
663 668
663 669
669 664
669 665
669 666
669 670
669 668
664 666
664 165
665 664
665 666
668 665
668 666
668 667
671 665
671 666
671 667
671 672
671 668
671 663
671 669
224 673
222 674
222 673
222 675
674 675
675 673
675 227
262 676
262 677
678 260
678 679
678 680
678 681
678 676
678 682
678 683
678 684
678 685
678 221
678 677
678 273
678 662
686 680
686 685
686 677
679 260
679 687
679 261
679 680
679 357
679 688
679 681
679 676
679 682
679 584
679 683
679 686
679 684
679 271
679 685
679 633
679 689
679 221
679 262
679 690
679 433
679 677
679 265
679 583
679 662
357 684
357 221
357 677
685 680
685 221
685 677
583 680
583 676
583 221
583 677
683 260
683 687
683 680
683 686
683 684
683 271
683 685
683 221
683 690
683 583
683 691
683 662
584 680
584 221
584 273
260 687
260 680
260 681
260 676
260 682
260 686
260 684
260 685
260 221
260 677
260 273
260 583
260 662
260 688
260 584
260 271
676 687
676 680
676 688
676 682
676 584
676 686
676 271
676 685
676 221
676 677
676 662
662 687
662 680
662 688
662 681
662 682
662 686
662 271
662 685
662 677
662 265
662 583
681 680
681 686
681 684
681 271
681 262
681 677
681 273
143 400
143 591
143 398
143 412
143 427
143 130
143 123
143 481
143 593
143 411
143 403
147 400
147 412
412 591
412 692
412 155
412 481
412 593
350 400
350 693
350 150
350 155
591 150
692 143
692 397
692 591
692 147
692 150
692 636
692 123
692 155
692 481
427 155
481 130
481 123
481 155
149 591
149 481
149 593
694 695
694 696
694 697
694 698
694 699
694 700
694 701
694 702
694 597
694 703
694 290
704 290
704 705
704 706
707 701
707 708
707 290
707 705
707 706
708 704
708 709
708 697
708 699
708 700
708 701
708 710
708 702
708 597
708 703
708 290
708 705
708 706
708 694
698 695
698 707
698 709
698 696
698 697
698 699
698 700
698 701
698 710
698 703
698 290
698 705
702 695
702 707
702 699
702 700
702 701
702 597
702 703
146 705
701 695
701 709
701 696
701 697
701 699
701 700
701 710
701 597
701 703
701 290
701 705
701 706
706 711
706 699
706 700
706 597
706 290
696 695
696 709
696 697
696 699
696 700
696 710
696 597
696 703
696 705
697 695
697 699
697 700
697 710
697 597
697 703
140 270
140 712
140 713
140 272
714 688
714 715
714 716
714 713
714 373
714 272
714 717
714 718
716 719
716 687
716 661
716 269
716 681
716 682
716 270
716 715
716 720
716 272
716 721
716 717
716 718
720 714
720 661
720 688
720 676
720 270
720 713
720 272
720 717
720 718
678 661
678 269
678 712
678 716
678 713
678 272
722 687
722 661
722 676
722 682
722 270
722 715
722 716
722 713
722 255
722 272
722 678
722 718
722 268
722 688
722 681
722 712
722 432
722 723
722 662
715 687
715 268
715 661
715 676
715 682
715 270
715 683
715 713
715 373
715 272
717 270
717 715
717 713
717 272
717 718
373 270
373 716
373 724
373 272
725 714
725 687
725 268
725 661
725 269
725 681
725 676
725 270
725 712
725 720
725 716
725 713
725 272
725 265
725 678
725 682
725 683
725 715
725 717
725 718
725 662
725 601
269 714
269 661
269 682
269 712
661 676
661 683
661 712
661 713
661 272
712 687
712 268
712 688
712 681
712 270
712 716
712 432
712 373
712 272
712 265
712 718
712 662
712 601
683 714
683 268
683 270
683 720
683 716
683 713
683 272
683 717
676 269
676 270
676 712
676 716
676 713
676 255
676 272
662 268
662 715
662 716
662 713
662 724
270 661
681 714
681 270
718 687
718 268
718 661
718 726
718 688
718 676
718 682
718 270
718 683
718 715
718 713
718 432
718 255
718 373
718 272
718 723
718 662
727 65
727 728
727 253
729 730
729 731
729 732
729 733
734 169
734 51
734 735
487 375
275 375
533 167
533 400
533 736
533 737
533 593
539 736
539 737
400 738
498 492
498 490
498 739
498 258
739 492
739 490
740 741
501 740
336 266
336 210
336 633
336 724
336 264
266 263
266 264
373 89
373 344
373 742
373 633
373 264
373 743
373 744
373 745
373 142
89 443
461 266
461 264
70 502
745 264
143 401
143 583
143 407
143 409
143 406
143 399
143 592
162 746
162 638
412 443
412 583
595 443
160 591
160 443
160 583
160 593
160 480
407 591
407 155
407 583
407 593
459 155
480 399
480 149
480 412
480 443
480 155
480 407
403 443
400 583
583 155
692 583
462 400
462 143
462 155
462 307
462 404
462 407
413 155
149 583
747 136
747 748
747 749
747 129
747 750
751 136
751 748
751 749
751 129
224 618
224 752
224 123
224 206
222 752
673 752
157 753
157 481
754 667
667 753
667 755
753 267
753 756
753 700
753 702
753 757
753 481
753 694
753 758
753 755
753 759
753 760
753 356
755 759
759 667
761 762
761 763
761 184
762 763
762 442
762 221
762 151
762 257
762 184
762 764
765 766
765 767
765 768
768 79
768 767
767 766
214 769
217 770
217 771
772 773
772 774
772 374
772 775
772 776
772 771
772 777
772 778
779 780
779 781
779 782
779 769
779 783
779 784
216 770
785 421
785 422
785 420
776 421
776 420
776 773
776 786
776 738
776 775
776 771
640 779
640 782
640 769
640 783
231 770
787 780
787 774
787 771
787 777
400 776
400 777
775 773
775 786
775 738
775 774
775 771
775 777
775 788
774 421
774 773
774 786
774 780
774 738
774 374
774 638
774 433
774 776
774 771
774 226
774 777
774 788
771 231
771 421
771 422
771 420
771 773
771 780
771 214
771 216
771 738
771 770
771 789
771 777
771 788
782 780
782 769
782 783
782 784
777 786
777 780
777 738
777 776
777 788
773 421
773 422
773 769
773 777
773 778
780 640
780 781
780 769
780 783
780 784
63 385
63 440
63 491
63 141
63 790
63 791
77 385
77 491
77 790
792 791
791 385
791 440
790 290
790 491
324 440
324 790
321 491
518 198
793 198
794 109
794 589
794 442
794 155
794 518
794 793
109 155
795 105
796 797
798 799
798 800
798 165
798 801
798 802
798 803
798 227
798 804
805 165
805 798
805 803
801 806
801 799
801 807
801 805
801 800
801 165
801 802
801 803
801 391
801 227
803 806
803 799
803 800
803 165
803 802
803 391
803 804
808 800
808 165
808 798
808 803
799 806
799 807
799 800
799 165
799 802
799 391
799 804
802 806
802 232
802 800
802 165
802 227
802 808
802 804
806 165
806 227
806 804
809 461
809 344
809 502
809 810
809 115
809 432
809 130
809 141
809 123
809 306
809 811
809 342
809 760
157 123
157 52
461 481
461 130
461 141
461 760
812 813
812 814
812 175
812 135
815 633
815 135
816 817
817 281
817 818
817 375
817 153
817 819
167 135
818 742
818 221
818 375
818 135
818 153
820 821
742 821
745 135
822 823
822 432
822 255
822 264
822 373
822 743
822 824
822 825
822 826
825 823
823 827
823 828
824 826
379 62
143 461
143 417
147 829
159 417
159 51
159 341
159 481
412 341
412 159
829 152
595 150
407 51
407 341
459 141
591 151
591 153
591 142
692 634
692 151
692 152
692 156
148 341
462 481
481 417
149 341
830 586
830 521
831 308
831 832
831 521
832 586
832 830
832 308
832 521
833 834
454 77
454 78
454 505
835 505
835 507
835 836
531 454
836 454
836 77
836 78
836 456
836 139
836 507
836 72
507 77
507 78
507 456
338 734
338 88
338 151
523 88
837 838
88 150
88 155
88 156
163 406
163 88
163 481
148 220
734 586
734 838
734 88
734 151
734 164
734 206
734 839
734 155
734 343
734 347
347 586
347 220
347 206
347 839
347 156
419 88
419 220
840 841
840 113
711 842
711 843
842 844
842 843
844 843
845 429
6 846
34 846
34 726
34 429
30 846
30 150
30 429
122 31
122 429
56 429
115 429
847 429
163 848
163 257
57 846
57 429
1 115
38 846
38 429
848 150
848 51
848 155
848 257
429 31
162 474
162 476
162 479
474 583
160 476
160 478
160 474
409 476
409 474
409 479
407 476
407 474
407 479
480 419
480 151
404 474
404 478
405 478
405 474
146 476
146 474
462 476
462 474
462 479
413 476
413 474
476 145
476 583
402 476
402 474
849 850
849 684
714 850
714 851
714 684
714 264
714 93
714 690
714 320
714 358
714 849
716 851
716 263
716 264
716 93
716 256
716 849
720 851
720 684
720 849
715 684
715 264
715 93
715 358
717 852
717 850
717 851
717 684
717 263
717 264
717 93
717 320
717 256
717 358
717 849
725 851
725 684
725 263
725 264
852 714
852 850
852 688
852 270
852 851
852 683
852 715
852 720
852 716
852 684
852 713
852 725
852 263
852 264
852 637
852 373
852 272
852 93
852 690
852 256
852 358
852 560
852 718
852 849
683 850
683 264
683 637
683 93
850 684
851 850
851 688
851 270
851 715
851 684
851 272
851 690
851 849
270 684
270 264
718 850
718 851
718 684
718 358
34 461
34 109
34 397
34 810
34 853
34 545
34 690
34 634
34 635
34 298
34 854
635 109
635 397
635 846
635 8
635 461
461 853
461 846
794 846
853 855
109 397
109 846
109 726
109 853
109 8
545 794
855 306
856 857
856 858
847 859
92 860
861 277
861 862
861 863
864 865
864 672
864 130
864 417
864 141
864 306
864 866
864 867
864 124
864 671
864 868
864 620
864 619
864 869
865 719
865 252
865 869
865 130
865 417
865 46
865 671
865 868
865 672
867 865
867 869
867 870
868 672
866 672
866 869
429 359
429 288
429 62
429 505
429 635
429 287
635 141
289 429
871 872
871 667
871 873
871 874
871 875
871 876
871 129
871 877
871 878
879 670
879 227
880 875
880 871
880 754
881 871
881 878
881 754
876 882
876 873
876 874
876 875
876 880
876 879
876 877
876 878
876 754
876 670
876 227
876 881
246 877
246 871
872 882
754 873
754 871
754 878
877 878
877 754
877 670
406 473
336 221
336 135
502 135
815 724
140 221
140 263
140 135
373 883
373 460
373 221
373 135
883 502
883 633
883 264
883 590
883 135
124 207
124 135
70 221
70 135
639 215
639 673
884 215
884 216
884 645
884 646
884 218
884 227
222 884
222 885
216 646
216 871
674 885
675 218
673 215
673 884
81 308
82 521
83 220
83 308
87 308
94 308
94 521
85 215
85 308
85 521
99 215
99 456
100 521
101 507
101 521
507 62
507 74
507 517
507 521
215 456
215 93
215 507
215 521
215 62
215 83
215 308
71 215
71 456
71 308
71 521
456 308
456 521
414 221
886 887
515 707
331 707
331 515
515 311
515 633
515 135
515 151
311 135
888 440
888 889
888 506
888 86
888 64
888 890
889 310
889 440
889 129
889 86
889 64
559 374
559 637
891 892
893 465
893 625
893 894
893 466
893 467
893 463
893 895
893 896
897 521
463 625
463 894
463 895
463 896
716 521
898 625
898 894
898 895
898 896
898 521
894 465
894 625
894 466
894 467
894 895
625 899
625 465
625 466
625 467
625 895
625 896
899 894
899 896
900 901
901 902
901 136
902 900
903 42
903 28
904 187
143 905
143 374
143 743
143 220
143 478
143 848
143 419
143 474
147 476
147 220
147 405
147 474
162 257
162 481
162 460
162 374
162 743
162 220
159 406
159 905
159 130
159 123
412 476
412 479
829 743
350 474
474 400
479 153
479 141
459 130
459 220
480 150
403 153
461 474
591 360
591 374
591 906
591 220
591 257
163 905
163 130
163 123
692 743
692 220
148 123
413 153
413 142
481 374
848 406
848 905
848 153
848 141
848 220
848 123
848 156
848 159
149 476
149 257
149 478
149 474
149 479
907 908
907 123
502 632
209 632
909 275
909 677
909 88
88 327
373 275
373 327
910 282
910 814
910 373
910 327
910 677
910 135
910 88
910 51
910 155
910 142
275 677
275 135
275 88
275 358
282 327
282 677
282 358
282 135
282 88
126 442
126 637
126 327
126 175
126 135
911 912
644 67
640 67
649 310
649 67
649 86
913 123
913 206
913 341
913 60
913 914
914 167
914 915
914 916
914 169
914 743
914 636
914 123
914 206
914 341
914 60
914 854
60 206
692 167
692 206
917 918
917 919
917 810
917 920
917 921
917 922
917 923
917 924
917 925
917 926
917 927
917 579
917 593
917 928
929 930
931 932
931 933
931 934
931 810
931 935
931 936
931 937
931 917
931 938
931 921
931 727
931 939
931 940
931 923
931 924
931 925
931 926
931 927
931 579
931 941
931 928
931 942
943 944
943 945
943 946
945 944
945 946
933 312
933 932
933 934
933 810
933 935
933 936
933 937
933 917
933 938
933 921
933 727
933 922
933 923
933 924
933 925
933 947
933 926
933 927
933 579
933 941
933 624
933 52
933 928
933 948
923 925
923 927
944 946
941 918
941 919
941 932
941 949
941 934
941 810
941 935
941 936
941 937
941 917
941 938
941 921
941 922
941 939
941 923
941 925
941 947
941 950
941 926
941 951
941 952
941 927
941 579
941 823
941 930
941 593
941 928
941 942
941 948
928 949
928 934
928 810
928 935
928 936
928 938
928 921
928 727
928 939
928 940
928 924
928 925
928 947
928 926
928 952
928 927
928 579
920 943
920 931
920 932
920 933
920 810
920 935
920 938
920 922
920 939
920 940
920 923
920 924
920 925
920 947
920 950
920 926
920 951
920 952
920 927
920 953
920 944
920 945
920 593
621 441
621 954
657 622
623 955
80 622
562 846
565 846
956 957
956 958
956 846
569 846
574 846
846 957
846 958
563 958
563 846
563 847
563 155
958 957
507 213
507 79
517 79
959 960
419 959
419 634
909 632
909 264
660 175
961 914
961 913
344 491
962 963
962 346
962 964
962 965
962 966
962 305
962 342
346 967
346 963
346 964
346 965
346 966
346 456
346 633
346 590
346 601
964 963
964 965
964 305
966 95
966 963
966 964
966 965
966 342
965 319
965 963
965 457
965 305
965 342
965 968
965 456
963 305
963 342
456 962
969 970
969 219
969 242
969 458
969 971
969 972
969 973
971 219
971 972
971 973
972 219
972 242
972 973
219 242
219 458
219 973
974 136
974 129
899 136
899 748
899 129
328 66
328 67
328 64
531 385
531 64
101 455
975 66
975 67
330 71
976 977
976 322
61 924
61 814
61 746
61 373
61 433
61 708
61 152
61 306
61 298
978 979
978 980
978 981
978 982
978 983
978 984
978 985
985 979
985 980
985 981
985 982
985 983
985 984
985 252
982 979
982 980
982 981
982 983
982 984
981 979
981 980
981 983
981 984
215 986
215 987
215 325
215 319
215 988
215 989
215 169
988 986
989 986
989 988
585 353
70 720
70 466
70 512
562 31
565 31
990 10
990 580
990 31
990 22
990 26
990 47
903 10
903 18
903 20
903 21
903 22
903 26
564 846
569 31
572 991
47 991
576 990
576 31
570 846
131 456
992 131
993 992
993 456
993 994
993 995
993 693
993 467
993 895
993 996
993 471
997 456
997 994
997 995
997 467
997 996
997 471
995 456
995 994
995 467
995 895
995 996
994 456
994 693
994 467
994 895
994 996
994 471
456 467
456 895
456 996
996 998
996 329
996 693
996 467
996 895
996 999
996 1000
471 996
1001 817
1001 1002
817 127
817 297
817 814
817 1002
1003 117
1003 1004
1005 1006
1005 1004
1005 473
1005 1007
1007 1004
1006 1008
1009 1006
1009 1005
909 1010
1011 1012
1010 1013
1010 859
1010 1011
1014 440
1014 1015
1014 1016
1017 440
1017 1018
1017 1015
1017 221
1017 264
1017 93
1017 358
1017 1019
1015 1018
1019 440
1019 1015
1016 1015
1018 1020
1018 599
1018 221
1018 264
1018 93
1018 358
1018 154
1018 417
1018 141
1018 1019
1021 1022
727 1021
727 1022
1023 1024
1023 1025
1024 1025
1026 1027
1028 713
955 75
809 109
809 589
809 275
809 846
809 31
809 273
809 150
809 155
809 48
1029 589
1029 794
461 275
461 273
461 48
461 31
275 109
275 589
275 794
275 846
275 31
275 273
275 156
794 31
794 273
794 123
1030 589
692 589
692 794
692 846
109 123
109 156
55 794
956 1031
958 1032
205 524
205 417
454 298
454 308
524 386
524 1033
524 70
524 150
524 154
524 443
524 417
524 298
524 1034
83 417
455 206
455 308
70 417
70 308
330 308
1035 1036
324 308
454 79
809 916
809 320
1037 916
1037 599
717 442
717 504
1038 1039
1038 1040
1038 1041
1038 1042
1039 1040
1039 1043
1039 1041
1039 502
1039 916
1039 599
1039 746
1039 272
1039 320
1039 504
1039 723
1039 306
1041 1040
1041 1043
1043 1040
1043 809
1043 442
1043 272
1043 717
1040 353
714 221
714 375
266 260
266 679
266 687
266 680
266 681
266 1028
266 604
266 686
266 716
266 477
266 713
266 685
266 1020
266 262
266 375
266 600
716 679
716 685
716 916
716 273
716 375
678 266
678 263
678 93
678 375
679 714
679 268
679 270
679 604
679 725
679 263
679 272
679 93
679 375
685 375
725 260
725 267
725 680
725 686
725 266
725 271
725 221
725 691
725 273
271 375
712 679
712 680
712 266
712 685
712 916
712 273
712 375
1028 714
1028 687
1028 681
1028 270
1028 712
1028 716
1028 916
1028 221
1028 93
1028 273
1028 375
1028 691
1028 690
260 268
260 270
260 712
260 716
260 713
260 272
260 604
260 375
662 604
662 266
662 375
604 267
604 268
604 680
604 270
604 712
604 716
604 713
604 263
604 272
604 273
604 375
270 680
270 686
270 916
681 375
1044 1045
531 88
1045 88
1046 113
1046 64
529 1046
529 113
336 272
336 93
336 560
336 375
336 220
336 206
559 336
559 633
559 375
559 220
559 123
1047 632
1047 1048
1047 1049
34 632
34 93
34 375
34 151
34 123
913 632
913 502
913 633
913 263
913 264
913 272
913 93
913 150
913 151
913 168
913 220
913 1049
913 34
914 632
914 502
914 818
914 742
914 210
914 633
914 264
914 272
914 560
914 151
914 153
914 51
914 220
914 1049
914 34
60 210
60 264
60 93
1048 1049
1049 632
1049 263
1049 264
1049 272
1049 93
1049 375
1049 151
1049 153
1049 51
1049 123
1049 206
1050 1051
449 1051
955 1051
955 1050
1052 1053
215 150
388 1054
389 1054
389 1055
389 1056
389 1057
389 323
1058 1059
1058 1060
1058 1061
1058 1062
1058 1063
1058 1064
1058 1065
1058 1066
1058 1067
1068 1059
1068 1060
1068 1061
1068 1062
1068 1063
1068 1058
1068 1064
1068 1069
1068 1065
1068 1049
1068 1066
1068 1067
1068 593
1064 1059
1064 1060
1064 400
1064 1061
1064 1062
1064 1063
1064 1069
1064 1065
1064 1048
1064 1049
1064 1066
1064 1067
1064 403
1064 593
1069 1059
1069 1060
1069 1070
1069 1061
1069 1062
1069 1063
1069 1058
1069 1065
1069 1066
1069 1067
1061 1059
1061 1060
1061 1065
1061 1048
1061 1049
1061 1066
1061 1067
1061 403
1066 1059
1066 1060
1066 400
1066 1062
1066 1063
1066 1065
1066 1067
1066 403
1062 1059
1062 1060
1062 1070
1062 1061
1062 1063
1062 1065
1062 1067
1048 175
1059 1060
1059 1065
1059 1067
1059 1071
1060 1070
1060 1063
1060 1065
1063 1061
1063 1065
1063 1067
1065 1072
1065 512
1067 1060
1049 175
1053 532
1073 64
975 532
1052 66
1052 128
1052 64
1052 532
29 109
25 109
25 598
10 598
598 567
598 572
567 45
6 1074
6 1075
1076 1075
1075 1077
595 327
409 327
414 327
459 327
122 327
403 327
461 327
591 327
1078 1079
1078 1080
1078 1081
1078 1082
1082 249
1082 1079
1082 1080
1082 1081
1080 1079
1080 1081
1079 249
1079 1081
249 1078
1083 1084
1083 1085
1083 297
1083 1086
1083 1087
1083 1088
1088 1089
1088 1084
1088 1085
1088 297
1088 1086
1087 1088
1090 1089
531 793
531 298
531 308
387 1091
387 1092
387 1093
387 1094
1092 1095
1092 218
1092 1096
1092 232
1092 1052
1092 230
1092 225
1092 1091
1092 1093
1092 1094
1092 1074
230 387
1042 1096
225 1096
225 1091
225 1093
225 1097
225 1094
1091 1093
1091 393
1091 1094
1097 1091
1097 1092
1097 1093
1097 387
1097 1094
1094 1093
1094 393
1098 123
1098 341
1098 1099
1098 1100
1100 123
1100 341
1101 1102
1101 1103
1101 656
1101 1104
1101 1098
1105 1104
1106 198
1106 210
1106 358
1106 1107
1106 1108
1109 198
1110 1109
1110 1111
1110 670
1110 1107
1110 1112
1110 1108
1110 1106
1107 1112
1113 210
1113 358
1113 1108
1113 785
1112 358
1112 1108
1112 1113
1112 198
1112 210
1108 1111
1108 198
1108 210
1108 358
1108 1107
1114 1115
1114 1116
1116 428
1116 512
1116 1115
1051 792
791 62
791 584
791 432
791 221
791 272
1117 1020
1117 792
1117 1118
1117 584
1119 1120
1119 1121
1119 1122
1119 1123
1119 1124
1120 1123
1120 1109
1120 457
1120 1124
1120 1125
1120 298
1120 1122
1109 1125
1124 1121
1026 793
672 321
672 793
793 321
866 321
289 63
836 67
1126 1056
1126 1127
1126 1092
1092 1054
1092 1056
1092 1127
1092 1128
1096 334
1052 334
1127 1054
1127 1056
515 64
1129 1130
1129 96
1129 515
1129 1131
1129 331
1129 507
1129 513
1129 64
331 96
331 64
1131 64
1132 558
1132 128
1132 1133
1132 322
1134 65
1134 381
1134 915
1134 1135
1134 756
1134 924
1134 84
1134 437
1134 601
756 915
65 384
436 1134
1136 1137
1136 1138
1138 1137
1137 1139
1139 171
1139 176
1139 1136
1139 1138
1140 1141
1142 667
1142 507
667 491
667 507
667 513
667 801
162 206
407 206
402 206
815 247
1130 1089
1130 1143
1012 1143
1143 1089
296 1089
296 1143
515 83
515 521
83 331
510 78
510 1144
510 790
510 298
510 521
455 521
298 521
331 510
331 78
331 521
1144 521
212 83
212 521
83 291
1053 78
943 1145
943 1146
945 1145
945 1146
945 1147
81 440
82 440
944 1145
944 1146
944 1147
1147 943
1147 1145
1147 1146
1147 946
94 440
946 1145
946 1146
455 943
455 62
455 1147
456 440
917 1148
933 1148
18 931
18 810
18 923
18 924
18 925
18 926
18 928
909 221
1068 264
1064 221
1064 264
60 221
60 175
1049 221
1049 637
1049 600
1049 156
1011 184
1011 516
1012 1072
1012 320
1012 330
1012 517
1012 757
1012 328
1012 184
1149 320
1149 516
1150 289
289 530
289 1029
289 330
1151 1152
1151 68
1152 68
1152 516
953 68
692 632
162 442
162 264
159 206
407 93
480 206
99 151
99 416
99 153
99 141
99 155
99 142
461 93
478 206
591 442
591 264
591 93
591 1143
591 1146
591 298
413 93
1153 1154
1153 1155
1153 1156
1156 1154
1156 1155
1156 1157
1156 1158
1156 1159
1156 274
1156 473
1155 1154
1155 274
1158 1154
1158 1155
1158 1157
1158 1159
1158 1153
1158 274
1158 473
140 604
140 266
140 442
140 375
897 260
897 679
897 267
897 661
897 140
897 681
897 676
897 683
897 604
897 715
897 713
897 633
897 724
897 70
897 442
897 415
897 637
897 272
897 93
897 690
897 1160
897 320
897 375
897 600
897 416
897 154
897 481
897 582
897 593
897 124
897 662
897 601
266 661
266 442
266 481
678 442
722 260
722 679
722 442
722 93
722 375
722 690
722 691
715 260
679 661
679 715
679 724
679 442
679 637
679 320
679 481
661 260
683 604
683 442
683 375
683 481
683 593
70 714
70 272
260 724
481 637
481 272
604 661
604 676
604 715
604 70
604 481
1161 1162
1161 113
1163 1164
1163 830
1163 552
1163 1165
1163 1166
1163 1167
1163 1168
1163 1169
1169 1164
1169 1167
1166 1164
1166 1165
1166 1167
1166 1168
1164 1167
1167 1168
1170 843
1171 843
1171 1170
1141 91
1141 308
1172 91
1172 308
91 308
224 996
969 895
969 999
969 996
969 1173
969 471
1174 219
1174 972
1174 996
1174 1173
1174 1175
884 214
884 1175
770 219
770 972
770 885
971 693
971 467
971 895
971 996
971 1173
971 471
971 1175
972 467
972 895
972 1176
972 999
972 996
972 1173
972 1175
1175 748
1175 219
1175 467
1175 895
1175 1176
1175 242
1175 458
1175 999
1175 973
1175 996
1175 969
1175 1173
1175 471
1175 770
219 467
219 999
219 996
219 1173
219 471
996 973
996 1173
471 1173
1173 467
1173 895
1173 999
1173 973
140 589
1106 344
1106 589
1106 281
1106 70
1106 263
1106 690
1106 1160
1106 320
1106 721
1106 486
1106 600
1106 154
1106 811
524 71
852 432
1177 1178
1177 321
505 749
102 749
102 505
102 1147
102 321
1179 714
1179 883
1179 221
849 91
714 357
714 91
714 677
716 91
716 677
678 264
722 850
722 221
722 263
722 677
722 358
722 261
883 714
883 1180
883 916
883 272
883 677
715 91
715 677
717 883
717 91
717 633
717 221
717 677
679 850
679 91
679 851
679 264
679 638
679 358
679 718
357 850
357 91
357 713
1180 714
1180 1179
1180 221
1180 272
1180 677
725 261
725 677
852 679
852 357
852 91
852 677
661 221
683 91
851 357
851 91
851 677
260 718
70 851
70 716
70 677
676 358
270 91
270 677
681 264
718 883
718 70
718 677
246 77
246 62
246 456
80 456
838 113
1181 1182
1183 231
1183 255
1183 560
1183 491
1183 1181
1183 1182
1183 1184
231 491
140 584
140 583
897 584
897 460
897 221
897 327
897 583
604 327
1185 326
1186 1185
1187 1188
929 105
929 1189
215 420
1190 421
1190 422
1190 420
1190 423
1190 215
420 1191
420 337
420 734
420 338
1192 1193
1192 421
1192 422
1192 420
1192 423
1192 1194
1192 215
1192 1195
1192 1196
1197 1193
1197 421
1197 1194
1197 1198
1197 1195
421 1194
421 1191
421 734
1199 421
1199 422
1199 423
1199 1200
1199 1077
1193 421
1193 422
1193 420
1193 1194
1193 1198
1193 1195
1193 423
1196 421
1196 422
1196 420
1196 423
1196 215
337 734
1194 422
1194 420
1194 423
1194 1198
1194 1195
423 1191
423 337
423 734
423 338
423 520
1201 114
1201 50
1201 1202
1201 112
114 334
112 334
1202 1203
1202 50
1204 1205
1204 1206
1204 1207
1204 265
1204 601
1206 1205
1206 1207
508 1205
508 1207
1205 1207
1205 1172
1207 509
1207 511
1207 506
1207 72
909 429
1111 187
1111 429
1208 187
1208 632
1208 1209
1208 1210
1208 1111
1208 429
1208 1211
1210 632
1210 1209
1210 442
1210 677
1210 811
1210 429
1210 870
1210 1211
1211 187
1211 677
1211 429
1209 187
1209 429
340 633
340 442
340 417
891 1030
917 585
585 74
48 215
635 927
635 221
635 273
635 152
635 583
635 48
635 142
635 260
635 74
635 215
635 591
635 923
635 584
635 1028
635 604
635 1117
635 481
635 516
635 1074
635 294
635 302
1117 477
1117 142
1117 260
1117 481
302 74
583 294
215 591
215 273
215 155
591 221
591 273
1028 846
1028 516
1028 215
1028 583
1028 142
920 846
920 583
920 516
260 516
109 221
109 583
109 142
481 273
604 846
1118 516
1212 1213
1212 1214
1212 1215
1212 1216
1212 1217
1216 1213
1216 1214
1216 1215
1216 1217
1217 1213
1217 1214
1217 1215
345 586
345 417
373 586
70 586
347 255
347 70
147 135
595 135
459 135
122 135
461 135
140 358
63 210
63 432
63 637
63 373
63 358
63 375
63 583
583 358
662 358
1218 1219
1218 990
1218 12
1218 13
1218 1220
1218 568
1218 24
1218 26
566 1220
990 1219
990 1220
990 568
990 24
1220 1219
1220 12
1220 577
1220 13
1220 568
1220 23
1220 45
1220 26
63 308
328 63
328 507
328 532
510 308
528 63
455 63
529 817
529 308
127 63
1221 1222
1221 1223
1223 1222
545 1224
1218 10
1218 567
1218 580
1218 572
1218 16
1218 598
1218 22
1218 571
990 567
990 8
990 571
25 632
10 1220
598 22
598 150
598 26
572 1220
580 1220
22 1220
1220 567
1220 571
576 1220
576 598
576 1218
576 45
603 150
61 206
514 206
1225 1226
1225 1227
1225 1228
1225 795
1225 916
1225 633
1225 746
1225 637
1225 433
1225 256
1225 504
1225 150
1225 743
1225 811
1225 930
1228 1177
1228 1178
1228 970
1228 795
1228 105
214 275
214 1229
214 1230
214 31
214 853
214 1231
214 123
214 1232
1233 855
1233 275
1233 645
1233 646
1233 31
1233 853
1233 871
1230 1229
1234 855
1234 853
1234 490
1234 1231
1231 490
855 586
855 275
855 31
855 123
1235 1236
1235 1237
1235 1238
1235 1239
1238 1236
1238 1237
1238 1239
1236 1237
1236 848
1236 1239
848 1239
1172 78
1240 1241
1240 1242
1240 1243
1240 1244
1240 1245
1246 1241
1246 1242
1246 1243
1246 1244
1246 1240
1246 1245
1246 384
1246 385
1241 1242
1241 1243
1241 1244
1241 1245
1245 1242
1245 1243
1245 1244
1245 851
1242 1243
1242 1244
1244 1243
1247 1248
1247 1249
1248 1249
875 1248
875 1247
875 1249
875 1250
110 794
1251 194
1251 1252
1251 195
1251 192
214 165
217 646
217 752
217 673
217 1181
217 1182
217 1253
1253 806
1253 752
1253 674
1253 673
1253 1181
1253 1182
1253 770
1253 1254
1253 1255
1253 675
884 217
884 1229
222 799
222 59
222 1181
222 1182
222 1253
222 770
222 1254
222 1255
222 806
230 1229
770 806
770 799
770 215
770 752
770 674
770 673
770 1181
770 1182
770 1254
770 807
770 1255
770 675
674 806
674 799
674 752
674 1181
674 1182
674 1254
674 1255
801 215
675 752
675 1181
675 1182
675 807
1181 806
1181 799
1181 752
1181 673
1181 1254
1181 1255
1182 806
1182 752
1182 673
1182 885
1182 1254
1182 1255
1255 806
1255 799
1255 752
1255 673
1255 1254
1255 807
1255 675
673 59
673 1254
673 807
799 1253
799 675
231 1253
231 798
231 803
752 806
752 799
752 885
752 1254
802 645
802 646
806 215
806 59
806 217
806 673
806 675
1256 1257
1256 1258
1256 1259
1256 1260
1261 1257
1261 1258
1261 1262
1261 1259
1261 1260
1257 1263
1257 1258
1257 1259
1257 1260
1260 1258
1260 1262
1260 1259
1258 1262
1258 1259
1259 1262
1264 1265
1264 1266
1264 1267
1264 1268
1269 1265
1269 1270
1269 1271
1269 843
1271 1265
1271 843
1267 1265
1267 1268
1267 843
1270 843
1265 935
1265 937
1265 939
1265 924
1265 925
1265 579
1265 1268
1265 843
1266 1265
1266 1268
1266 843
1272 417
1272 220
1272 123
1272 155
1272 277
1272 1273
1273 443
514 123
514 155
714 135
1230 1274
1230 1125
1230 1275
1274 1125
1274 1275
1276 97
208 97
569 34
1277 1089
1277 1130
1277 293
1129 1089
830 293
1130 1057
1143 1192
1278 183
1278 1279
1278 1280
183 198
884 123
1096 1281
1096 1282
528 1282
1283 1282
1282 654
1282 1281
1282 1172
897 264
712 897
712 264
712 320
604 264
1284 954
1284 1285
1284 1286
1285 954
1285 1286
1287 1288
1289 1125
73 1125
1290 1125
1291 1125
1292 1125
1293 1294
1293 1054
1293 1295
1293 1056
1293 1126
1293 1296
1293 1127
1293 1297
1293 1298
1293 808
1299 1294
1299 1300
1299 1301
1299 1054
1299 1302
1299 1303
1299 1095
1299 1304
1299 1305
1299 1306
1299 1307
1299 1308
1299 1309
1299 1310
1299 1311
1299 814
1299 93
1299 560
1299 743
1299 153
1299 1312
1299 1293
1299 1128
1299 1313
1299 1314
1299 1315
1299 1316
1299 1317
1299 1318
1299 808
1126 1294
1126 1295
1126 1296
1126 1319
1126 1297
1316 1302
1316 1308
1316 1312
1316 1317
1319 1054
1319 1293
1319 1297
1317 1302
1317 1308
1317 1311
1317 1312
1317 1313
1317 1314
1294 1054
1294 1295
1294 1056
1294 1296
1294 1127
1294 1319
1294 1297
1313 1300
1313 1302
1313 1303
1313 1095
1313 1304
1313 1306
1313 1308
1313 1311
1313 1312
1313 1128
1313 1314
1313 1315
1310 1095
1310 1313
1310 1314
1296 1054
1296 1295
1296 1056
1296 1127
1296 1319
1296 1297
1296 1298
1308 1300
1308 1302
1308 1303
1308 1095
1308 1304
1308 1306
1308 1312
1308 1128
1308 1314
1308 1315
1314 1302
1314 1303
1314 1095
1314 1304
1314 1311
1314 1312
1314 1128
1297 1054
1297 1295
1297 1056
1297 1127
1311 1300
1311 1302
1311 1095
1311 1304
1311 1305
1311 1306
1311 1308
1311 1309
1311 1310
1311 1312
1311 1127
1311 1128
1311 1315
1311 1316
1311 1318
808 1294
808 1295
808 1302
808 1304
808 1308
808 1126
808 1312
808 1127
808 1319
808 1128
808 783
1312 1302
1312 1306
1312 1128
1312 1315
1301 1095
1301 1308
1301 1312
1301 1128
1305 1294
1305 1300
1305 1135
1305 1302
1305 1303
1305 1095
1305 1304
1305 1306
1305 1308
1305 93
1305 1312
1305 1128
1305 1313
1305 1314
1305 1315
1305 1316
1305 1317
1127 1319
1295 1054
1295 1056
1295 1308
1295 1312
1295 1127
1295 1319
1302 1294
1302 1300
1302 1054
1302 1303
1302 1095
1302 1304
1302 1306
1302 1310
1302 1296
1302 1128
1302 1318
223 455
223 521
520 1177
1177 455
531 521
336 734
336 358
340 358
340 375
345 734
345 634
345 206
345 735
346 255
346 375
346 417
461 255
461 375
339 734
337 586
337 417
70 734
347 724
347 599
347 486
347 358
1320 1105
1321 1322
1323 1322
725 897
725 898
725 442
1293 387
1293 389
1293 1094
390 1091
1092 1293
1092 389
1092 227
388 1293
388 1092
388 1094
230 389
225 634
1091 389
392 1092
1097 388
1097 389
1094 389
1093 389
105 74
1228 321
321 80
797 384
1324 1325
1326 1324
1327 594
1327 1326
1327 343
1327 1324
1327 1325
1328 1329
1329 62
1329 504
1330 62
1330 1328
815 131
815 68
815 456
815 625
1331 68
246 69
246 625
514 131
514 68
514 247
514 456
514 625
1332 1333
897 814
897 373
897 141
897 142
1230 1334
1230 1335
1230 443
1230 356
498 275
498 1231
739 1336
739 1231
489 1336
489 1231
1234 739
1234 101
1231 1336
1028 264
481 264
61 486
61 1337
61 706
1338 707
1338 505
1338 708
1338 1337
1338 1339
1338 705
1338 706
1338 1340
1337 707
1337 505
1337 708
1337 1339
1337 705
1337 1340
1339 707
1339 505
1339 708
1339 705
1339 706
1339 1340
707 505
707 1340
505 708
505 706
505 1340
505 705
708 1340
1341 1342
1053 429
793 429
531 386
531 429
1073 429
517 429
140 1343
1344 1343
1343 1345
582 1346
582 1347
582 1348
582 1345
582 1343
582 1344
712 1343
1347 1348
1109 321
1052 287
1052 291
1349 1350
1350 1351
1350 1005
1352 334
1352 1281
1352 1353
1352 1354
1354 1281
1354 1353
1096 1352
1355 1356
1357 334
1357 1356
1357 1355
1357 1140
1357 654
1357 1358
1357 1281
1357 1096
1357 1282
1357 1352
1357 653
1357 1359
1357 1360
1357 1353
1357 1354
653 334
291 1169
291 1361
1361 1331
1352 794
1362 1356
1362 1355
1362 1363
1356 1363
1353 794
1117 334
1117 1356
1117 1355
1117 654
1117 1358
1117 1096
1117 1282
1117 1352
1117 653
1117 1353
1117 1354
260 794
1364 1365
1364 1366
1364 1367
1367 1365
1367 1366
1366 1365
373 220
70 220
503 135
883 375
1180 374
1180 375
502 677
717 375
1180 207
718 375
1321 74
1321 83
1321 68
1321 515
1321 513
1321 64
1129 510
1129 707
1270 64
331 74
331 1368
331 68
331 1270
331 1200
1172 83
1172 64
1369 64
1370 726
1370 1371
1370 1372
1370 1373
1370 1374
1370 975
1371 1375
1371 1372
1371 1373
1371 1374
1374 167
1374 526
1374 726
1374 1375
1374 1372
1374 1373
1373 454
1373 726
1373 1372
1372 167
1372 726
1372 1375
1376 1377
1376 176
1376 1378
594 1376
594 1377
594 176
262 175
140 680
140 686
140 262
140 677
897 680
897 398
897 432
897 255
897 677
714 175
266 175
266 677
266 583
716 175
720 680
720 175
678 175
722 680
722 686
722 262
722 583
722 685
722 175
686 718
715 680
715 686
715 583
679 398
679 175
357 373
685 175
725 175
725 583
271 432
271 373
269 677
661 680
661 686
661 583
583 264
712 398
712 638
712 175
712 677
712 583
851 175
676 175
481 677
604 255
604 677
270 175
718 680
718 398
718 266
718 685
718 746
718 175
718 583
897 504
897 358
897 152
722 273
883 583
686 358
124 677
357 486
685 358
1180 442
373 273
271 358
852 273
582 677
269 358
583 442
1028 661
1028 715
1028 442
1028 677
1028 486
1028 718
1028 688
1028 683
1028 373
1028 320
1028 358
1028 723
851 273
260 460
604 91
718 460
718 273
1126 847
1092 1296
1092 1312
1092 1297
1092 769
1319 769
779 334
1296 769
1297 769
808 640
808 779
808 782
808 769
1127 769
782 334
1295 769
1302 769
143 632
143 88
143 839
157 88
407 632
344 88
692 88
848 632
848 903
848 1032
1379 86
1379 561
1379 116
1379 121
1379 119
1379 351
351 86
351 561
351 121
125 86
121 1003
121 561
215 865
215 91
215 502
215 1172
215 210
215 432
215 460
215 156
591 210
917 586
917 252
928 586
63 1024
63 456
246 319
246 74
246 67
246 1024
246 63
246 139
319 67
319 71
71 1024
456 1024
851 209
270 209
635 31
635 175
37 175
56 175
847 175
57 1380
57 175
38 1380
38 175
879 138
879 1381
879 1382
61 625
77 1383
454 95
454 707
454 62
1383 707
1383 708
1383 290
1383 511
309 1383
707 511
208 95
208 510
208 707
208 62
208 83
208 66
208 96
208 67
208 625
208 708
208 290
208 1383
208 64
708 67
708 511
85 707
85 701
85 753
85 625
85 708
85 1383
507 625
72 1383
753 67
753 701
753 64
701 1383
625 66
625 67
29 846
1037 726
598 275
598 794
598 846
598 31
34 275
635 275
122 275
545 275
545 31
214 1333
215 123
228 770
884 1384
884 1333
222 769
1190 217
1190 645
1190 223
1190 227
216 71
771 215
218 123
1106 724
1106 141
1385 1386
1385 589
1385 275
1385 1387
1385 1388
1385 1389
1385 150
1390 1387
1390 1388
1390 504
1389 1388
1389 275
1132 1390
1132 1387
1132 1388
1387 1388
1388 1386
1388 59
1388 589
1388 794
1388 724
1388 504
1388 150
1388 141
1388 815
1386 589
1386 1389
1386 1106
1386 1077
676 302
143 516
474 516
160 516
409 516
479 516
149 516
262 516
714 516
266 1343
1117 269
1117 476
1117 479
712 411
929 373
893 693
893 1391
893 471
463 1392
1391 625
1391 894
1391 466
1391 467
1391 463
1391 896
1391 471
1391 391
1391 470
1391 1392
1392 465
1392 625
1392 894
1392 466
1392 467
1392 895
1392 896
1392 469
1392 391
1392 470
894 693
894 470
469 894
469 896
625 1304
625 391
625 470
471 625
471 894
471 896
471 1392
1393 1394
1393 336
1393 134
1393 337
1393 1192
1393 1077
1393 520
1393 293
1009 77
1009 385
1009 1393
1009 1394
1338 1395
1338 290
1338 317
1338 1396
1338 1383
1338 790
1338 139
1338 511
1338 757
1338 506
1338 1397
317 707
317 709
317 697
317 698
317 700
317 710
317 505
317 708
317 1337
317 1339
317 1395
317 290
317 705
317 1396
317 706
317 1383
317 154
317 790
317 1340
317 139
317 511
317 757
317 506
317 694
1383 700
1383 505
1383 1337
1383 1339
1383 1395
1383 705
1383 1396
1383 706
1383 790
1383 1340
1383 139
1383 757
1383 506
1337 290
1337 790
1337 139
1337 506
1397 707
1397 700
1397 505
1397 708
1397 1337
1397 290
1397 705
1397 317
1397 706
1397 1383
1397 790
1397 1340
1397 139
1397 511
1397 506
1339 709
1339 700
1339 290
1339 1396
1339 790
1339 139
1339 511
1339 757
1339 506
704 505
704 1383
704 790
704 139
704 757
704 506
707 1395
707 790
707 139
707 757
707 506
505 1395
505 154
505 1396
505 790
505 757
708 1396
708 790
708 139
708 506
698 505
698 790
790 196
790 705
790 1396
790 706
790 1340
790 139
790 511
790 757
790 506
1395 708
1395 1339
1395 290
1395 705
1395 706
1395 790
1395 1340
1395 139
1395 511
1395 757
1395 506
441 1337
441 706
441 139
701 505
701 317
701 1338
701 1396
701 790
701 139
1396 707
1396 1337
1396 290
1396 705
1396 706
1396 506
1396 1395
1396 1398
69 429
459 440
459 62
459 103
459 507
459 429
459 102
459 95
459 90
459 330
459 69
459 85
459 289
459 505
459 513
459 291
459 473
1029 440
1029 429
85 440
85 429
287 69
287 1147
102 440
102 220
102 507
102 513
102 429
102 291
102 473
507 440
507 749
330 440
330 429
1150 220
530 62
530 749
530 429
289 272
1399 1390
1399 1400
1399 1132
1399 1401
1399 1387
1399 1168
1399 1402
1399 1403
1399 1404
1399 1405
1399 602
1399 1406
1399 1407
1399 1408
1409 724
602 1390
602 1400
602 1132
602 1401
602 1403
602 1387
602 1404
602 1405
602 1406
602 1168
602 1407
602 1402
602 1408
602 1388
1385 1400
1385 599
1385 1402
1390 1400
1390 1401
1390 1403
1390 1404
1390 1405
1390 1168
1390 1402
1401 1090
1401 1409
1401 1410
1401 1387
1401 1405
1401 1411
1401 1412
1401 1168
1401 1402
122 1400
122 1132
122 1401
122 1387
122 1404
122 1399
122 1405
122 1388
122 724
122 560
122 1168
122 1402
1132 1400
1132 1403
1132 1404
1132 1405
1132 582
1132 1168
1132 1402
1403 1400
1403 1401
1403 1387
1403 1404
1403 1405
1403 1168
1403 1402
1403 1408
1403 1385
1403 1388
1403 504
1387 1400
1387 1404
1387 1405
1387 560
1387 1406
1387 1168
1387 1402
1387 1408
1090 1412
1400 1401
1400 1404
1400 1405
1400 1168
1400 1402
1400 560
1402 1404
1402 1168
1402 1408
1388 1400
1388 1404
1388 1399
1388 1168
1388 1402
1404 1405
1404 1168
1404 1401
1407 1405
1407 1401
1407 599
1407 1168
1408 1390
1408 1400
1408 1401
1408 1404
1408 1406
1408 1168
1408 1132
1408 1405
1200 1411
1401 1089
1401 297
1401 103
178 309
576 1219
576 1413
387 1294
387 1296
1126 387
1126 389
388 1294
388 1127
1319 387
1319 389
1294 1092
1294 389
1294 1094
1294 769
1296 388
1296 389
1296 1094
389 1297
225 1294
225 1312
1297 387
808 389
1094 1054
1094 1295
1094 1056
1094 1297
1094 769
1127 387
1127 389
1295 387
1295 389
1033 667
1033 755
524 667
524 1142
524 755
524 356
157 521
1142 1033
1142 755
667 521
753 521
755 751
755 603
729 667
729 1142
729 755
70 632
70 521
751 667
751 76
330 521
759 521
71 632
71 755
1034 521
1134 167
1134 1414
1134 1415
756 1415
867 1415
867 1134
1415 167
1415 915
1415 1414
1415 473
1414 473
436 1415
1416 827
1416 1417
1416 1418
1416 828
1416 1107
1416 573
1418 1417
1418 828
1418 1107
1418 573
1417 573
1107 1417
1107 828
1107 573
594 1107
1100 1358
1100 873
1100 823
1100 320
1100 796
1100 1419
1100 1074
1100 258
1100 1420
1419 922
1419 115
1419 599
1419 342
1419 1421
1014 830
1014 728
1014 1422
1014 1423
1014 568
1424 131
1424 1422
1424 1015
1424 1423
1424 1014
1424 1016
1423 1422
753 1423
753 1014
1369 1425
1369 440
533 586
546 586
539 586
541 586
557 127
544 528
63 1147
287 63
944 1426
1376 943
1376 944
1376 1146
1376 945
1376 1147
1376 946
920 1147
1427 1428
1427 1429
228 135
228 130
770 135
215 135
218 135
1357 491
1149 1357
344 1149
344 506
1037 408
214 726
214 492
884 1230
