0 1
0 2
0 3
0 4
0 5
6 7
6 8
6 9
6 10
6 11
6 3
6 12
6 13
6 14
6 15
6 16
6 17
6 18
6 19
6 20
6 21
6 22
23 8
23 24
23 25
23 26
23 27
23 28
23 29
23 30
31 32
31 33
31 34
31 35
31 36
31 37
31 38
31 39
31 40
41 18
42 43
42 44
45 46
45 47
45 48
49 50
43 51
52 53
52 54
52 55
52 3
52 56
52 57
52 58
52 59
52 60
52 61
52 62
52 63
52 64
52 65
52 66
52 67
52 68
69 70
69 71
69 72
73 74
75 76
75 77
78 79
78 80
78 81
78 82
78 83
78 84
78 85
78 86
78 87
78 88
78 89
78 90
91 92
91 93
91 94
91 95
91 96
91 97
91 98
91 67
91 99
100 101
102 103
104 105
104 106
104 107
108 109
108 110
108 111
108 112
113 114
113 115
113 116
113 11
113 117
113 118
113 119
113 120
113 61
113 50
121 122
123 124
123 125
123 126
123 127
123 128
129 130
129 131
129 132
129 133
129 134
114 8
114 9
114 135
114 136
114 137
114 51
114 138
114 139
114 140
8 141
8 9
8 142
8 54
8 11
8 135
8 136
8 143
8 44
8 144
8 145
8 16
8 137
8 51
8 146
8 147
8 138
8 148
8 149
8 150
151 152
153 154
153 155
153 156
153 157
158 54
159 160
161 55
161 3
161 162
161 18
163 164
163 165
166 167
166 128
168 169
170 18
171 172
171 173
174 175
174 176
174 177
174 178
179 180
181 182
181 183
181 184
181 185
181 186
181 187
181 188
181 189
181 190
181 191
192 193
141 194
141 195
141 196
141 148
197 198
199 8
199 142
199 200
201 202
203 204
203 56
203 205
206 207
206 208
206 209
210 211
210 53
210 212
210 56
210 213
210 214
210 215
210 216
210 61
217 218
217 219
217 106
217 220
221 57
221 61
222 223
224 225
226 227
226 228
226 229
226 230
226 3
226 231
226 232
226 233
226 234
226 235
226 236
226 18
226 237
226 238
226 239
226 240
226 241
242 56
242 243
242 184
242 244
242 245
246 142
246 247
248 249
248 250
248 155
248 57
9 142
9 251
9 11
9 252
9 135
9 162
9 253
9 254
9 51
9 138
9 255
9 140
9 256
9 257
142 114
142 258
142 11
142 252
142 135
142 259
142 162
142 253
142 137
142 254
142 51
142 147
142 255
142 260
142 261
142 262
142 257
142 263
264 265
264 266
267 57
267 268
269 8
270 222
270 3
271 272
273 274
275 276
275 277
275 56
275 117
275 57
275 144
275 278
279 114
279 8
279 9
279 11
279 280
279 281
279 282
279 64
279 257
279 283
284 285
286 287
154 250
154 288
154 285
154 289
154 290
291 31
291 292
291 293
291 57
291 294
291 295
291 296
291 156
291 297
291 298
291 299
291 300
291 301
291 302
291 303
304 305
304 306
304 307
304 308
309 310
309 311
309 312
309 64
313 314
315 142
315 316
315 317
315 155
315 318
315 319
315 18
315 320
315 208
315 321
315 256
322 323
324 325
324 326
324 327
324 328
324 329
324 330
324 331
324 332
333 334
335 336
335 337
335 338
335 339
340 341
340 342
340 343
340 344
340 345
340 346
340 347
340 348
349 53
349 56
349 350
349 65
249 351
249 352
249 353
82 272
82 354
82 218
82 355
82 356
82 357
82 358
82 359
1 2
1 4
1 5
1 360
361 362
250 363
250 364
250 365
250 366
250 367
250 368
250 369
370 371
370 249
370 57
370 372
373 374
375 376
375 377
375 378
375 379
375 380
375 38
381 317
381 382
381 205
383 384
383 236
385 386
387 388
389 390
389 115
389 391
389 392
389 393
389 394
389 395
389 396
389 397
389 398
389 399
389 400
389 198
389 401
389 402
389 403
389 404
389 405
389 406
389 407
389 408
389 409
389 410
389 411
389 412
413 414
413 137
413 298
413 38
415 416
415 417
415 11
415 3
415 12
415 59
415 418
415 419
415 378
415 420
415 61
415 22
415 421
415 422
423 71
423 72
423 157
424 155
424 38
425 426
425 427
425 183
425 428
425 184
425 185
425 429
425 430
425 431
425 187
425 188
425 189
425 432
425 190
109 433
109 110
109 434
109 435
109 436
109 437
109 438
109 111
109 18
109 298
109 112
439 3
439 94
439 440
439 64
439 441
439 442
227 443
227 228
227 230
227 231
227 444
227 445
227 235
227 18
227 446
227 447
227 237
227 238
227 239
227 448
227 240
227 241
449 450
451 452
451 453
454 455
305 456
305 457
305 458
305 459
305 460
305 461
305 462
305 463
305 308
305 464
305 465
341 344
341 346
341 347
466 376
466 467
466 205
466 468
466 469
466 470
152 3
152 471
472 249
472 473
472 57
472 474
475 476
475 477
478 479
480 24
480 25
480 26
480 481
480 27
480 482
480 178
480 483
480 30
484 485
484 486
484 419
484 487
484 488
484 61
484 421
258 489
258 490
258 491
258 492
258 493
494 8
494 495
494 11
494 496
494 497
494 22
498 499
500 501
500 502
500 503
500 504
500 505
500 506
500 507
500 508
500 509
500 510
500 511
500 512
500 513
500 514
500 515
500 516
500 517
228 230
228 231
228 232
228 233
228 518
228 235
228 239
228 240
228 241
519 520
521 522
523 137
524 525
524 526
527 528
527 529
527 3
527 530
527 531
527 532
533 534
533 135
533 535
533 44
533 536
533 537
533 51
533 538
533 539
533 540
541 145
542 543
544 545
544 546
544 308
544 465
547 548
547 3
547 549
547 550
547 551
552 413
552 317
552 376
552 56
552 318
552 553
552 128
552 205
552 554
552 137
552 555
552 196
552 298
552 38
316 556
316 557
316 558
559 560
561 137
562 563
562 128
562 564
562 565
566 567
528 568
528 569
570 53
570 571
570 572
570 573
570 574
570 420
575 576
577 249
577 53
577 578
577 116
577 56
577 293
577 57
577 350
577 579
577 580
577 97
577 581
577 61
577 582
577 63
577 583
577 65
577 68
53 3
53 56
53 350
53 61
53 584
585 586
585 587
588 41
588 124
588 158
588 334
588 589
588 590
588 591
588 592
588 135
588 593
588 594
588 595
588 596
588 597
588 598
588 599
588 600
588 601
588 602
588 603
588 604
588 605
606 197
336 338
336 339
607 416
607 114
607 495
607 9
607 53
607 578
607 608
607 11
607 3
607 56
607 609
607 61
607 67
610 269
589 592
589 593
589 595
589 596
589 598
589 599
589 601
589 602
589 605
611 612
611 613
611 614
611 615
616 24
616 617
616 299
616 98
616 30
618 619
620 621
620 622
620 623
620 624
620 625
620 301
620 626
627 275
627 628
627 629
630 427
631 632
631 633
631 634
631 298
631 635
636 254
636 576
637 230
637 638
637 233
637 639
640 204
640 641
642 56
642 643
642 644
642 645
92 8
92 142
92 281
92 282
646 208
647 8
647 24
647 648
647 649
647 650
647 27
647 651
647 652
647 30
653 654
653 655
656 590
656 657
656 658
656 659
656 660
656 661
656 662
656 663
656 664
656 665
656 666
656 667
656 668
656 669
656 670
671 270
671 672
55 97
55 673
55 98
55 674
675 61
676 43
676 121
676 8
676 291
676 3
676 677
676 678
679 56
679 128
679 680
681 656
681 665
682 265
682 55
682 679
682 3
682 683
682 580
682 97
682 582
682 684
685 686
685 687
685 402
685 688
685 406
689 690
689 691
689 692
689 11
689 3
689 693
689 272
689 694
689 218
689 695
689 696
689 357
689 18
689 358
689 697
689 698
689 260
689 699
700 701
700 702
578 236
703 704
705 16
705 137
705 706
707 708
709 265
709 92
709 55
709 3
709 710
709 711
709 58
709 18
709 712
709 713
709 714
709 67
715 8
715 3
715 178
716 0
716 717
718 324
718 330
719 0
719 467
719 236
719 720
719 208
719 402
719 721
722 82
722 723
722 354
722 218
722 355
722 356
722 357
724 725
724 3
724 726
724 208
724 727
724 728
724 729
608 522
608 114
608 8
608 495
608 9
608 730
608 731
608 732
608 116
608 11
608 56
608 733
608 12
608 128
608 734
608 735
608 436
608 18
608 61
608 285
608 22
608 736
608 737
608 65
608 738
739 0
739 42
739 740
739 741
739 656
739 590
739 742
739 743
739 657
739 658
739 744
739 659
739 660
739 661
739 662
739 663
739 745
739 746
739 664
739 665
739 666
739 747
739 667
739 748
739 668
739 669
739 670
739 749
739 750
751 41
751 752
751 753
751 754
755 128
756 8
756 757
756 758
756 759
756 760
756 67
756 99
761 762
761 290
390 115
390 763
390 395
390 399
390 400
390 404
390 405
390 406
764 765
766 767
766 768
766 769
770 56
204 771
204 772
204 773
204 774
32 775
32 34
32 776
32 777
32 61
32 36
32 37
32 778
32 65
779 780
115 781
115 763
115 394
115 395
115 396
115 398
115 399
115 400
115 196
115 404
115 405
115 406
115 412
782 317
782 318
783 317
783 784
783 785
783 350
783 786
783 787
783 788
783 330
783 65
789 790
789 791
789 677
789 792
789 793
789 794
590 0
590 42
590 740
590 795
590 796
590 797
590 671
590 798
590 799
590 657
590 658
590 744
590 659
590 287
590 660
590 661
590 662
590 663
590 746
590 664
590 800
590 665
590 666
590 801
590 667
590 274
590 748
590 668
590 669
590 670
590 802
590 803
590 750
391 804
391 805
391 806
391 807
391 720
391 402
391 808
391 809
391 688
391 721
391 406
391 407
391 411
391 412
391 810
811 375
811 812
811 379
813 593
813 599
814 815
814 57
814 289
277 224
277 265
277 816
277 11
277 3
277 817
277 818
277 819
277 214
277 437
277 820
277 18
277 582
277 821
277 822
363 365
363 366
363 367
363 369
33 34
33 823
33 820
33 37
824 204
825 826
827 828
827 3
829 8
829 830
829 831
829 55
829 832
829 11
829 833
829 834
829 835
829 18
829 580
829 836
829 713
829 837
829 838
839 590
839 840
839 364
841 842
571 573
571 574
571 420
843 844
845 846
847 248
847 376
847 3
847 848
847 849
850 720
850 808
851 852
851 296
853 854
853 855
853 856
857 376
857 57
857 858
857 859
857 583
860 455
861 198
861 402
861 403
861 862
863 44
864 522
864 114
864 8
864 495
864 9
864 865
864 11
864 212
864 117
864 350
864 866
864 736
864 706
867 204
867 868
867 869
870 871
872 8
872 142
872 56
873 43
873 874
873 875
873 876
873 742
873 364
873 877
873 878
873 879
873 144
873 288
873 880
873 881
873 882
873 883
873 884
93 582
93 885
886 887
886 888
886 823
886 889
362 201
362 890
891 892
891 893
891 894
194 114
194 8
194 195
194 397
194 196
194 148
317 895
896 314
896 897
896 898
896 18
896 296
896 899
900 901
900 902
903 904
376 848
376 905
376 706
906 907
906 908
906 859
909 910
909 911
912 317
912 117
912 913
914 915
914 916
917 918
529 531
919 495
919 736
548 920
548 549
548 550
548 921
548 551
922 923
922 924
922 925
922 926
927 928
927 470
456 304
456 457
456 545
456 929
456 458
456 930
456 459
456 460
456 461
456 462
456 463
456 464
931 932
910 933
934 935
934 936
937 938
937 939
937 940
937 941
937 942
337 249
392 198
392 403
392 406
392 408
392 409
392 943
392 411
828 553
457 304
457 545
457 546
457 929
457 458
457 459
457 178
457 461
457 462
457 308
457 721
457 464
457 465
907 944
155 945
155 946
780 947
780 213
780 948
780 949
780 950
11 3
11 951
545 304
545 11
545 952
545 546
545 458
545 953
545 307
545 308
545 954
545 465
840 955
840 590
840 364
840 956
840 957
24 25
24 26
24 481
24 617
24 652
24 30
84 3
84 85
84 86
84 438
84 87
84 88
854 855
854 958
854 959
854 856
854 960
961 8
961 578
961 3
961 326
962 293
962 963
962 294
962 964
962 965
962 966
967 154
967 968
969 298
479 951
479 470
970 114
970 8
970 9
970 135
970 137
970 51
970 139
971 8
971 141
971 194
971 135
971 136
971 137
971 51
971 148
972 973
974 975
974 852
974 205
974 976
974 555
974 895
974 977
978 82
978 979
978 354
978 355
978 356
978 359
790 80
790 980
790 818
790 791
790 677
790 792
790 981
790 793
790 982
790 794
979 82
979 742
979 272
979 354
979 218
979 355
979 356
979 357
979 106
979 359
979 220
983 56
984 985
984 604
986 467
987 314
987 554
342 341
342 988
342 345
342 346
342 989
342 990
342 140
991 992
993 994
995 996
997 11
997 998
997 3
997 999
997 1000
997 1001
997 18
997 196
997 1002
997 1003
997 1004
997 1005
997 263
758 759
758 64
781 1006
781 106
781 107
781 1007
195 1008
195 1009
195 1010
1011 203
1011 204
1011 1012
1011 1013
1014 1015
1014 1016
1014 939
1014 821
1017 85
1017 86
1017 87
1017 1018
1017 88
1017 601
1017 1019
1017 736
1017 1020
1021 589
1021 682
1021 592
1021 1022
1021 683
1021 595
1021 597
1021 598
1021 599
1021 601
1021 602
1021 684
1021 605
230 229
230 232
230 233
230 238
230 239
230 240
1023 1024
1025 762
1025 1026
1025 1027
1025 1028
1025 290
1029 56
1029 819
1029 434
1029 59
1029 61
343 341
343 1030
343 344
343 345
343 346
1031 853
1031 854
1031 855
1031 958
1031 959
1031 856
1031 1032
1033 1034
1033 1035
1033 1036
1033 1037
1038 1039
1038 1040
1038 1041
1038 1042
1038 1043
1038 1044
1038 1045
1046 243
1046 244
1046 245
1047 204
25 27
25 28
25 482
25 483
25 30
504 501
504 503
504 506
504 507
504 162
504 511
504 512
504 513
504 515
1048 376
1049 1050
1051 1052
1053 1054
1055 1056
1055 1057
2 317
2 337
2 11
2 4
2 5
2 360
657 795
657 796
657 1058
657 692
657 798
657 658
657 744
657 659
657 660
657 661
657 662
657 663
657 664
657 665
657 666
657 667
657 748
657 1059
657 668
657 669
657 670
657 750
1060 55
1060 362
1060 686
1060 1014
1060 3
1060 56
1060 572
1060 1016
1060 1061
1060 711
1060 786
1060 939
1060 1062
1060 1063
1060 580
1060 208
1060 1064
1060 64
1060 67
1065 530
1065 1066
1067 1068
1069 1070
212 1071
212 1072
212 214
212 1073
212 215
212 353
1074 1075
56 1076
1077 1078
1079 304
1079 545
1079 546
1079 458
1079 307
1079 308
1079 465
1080 1081
1039 92
1039 3
1039 1041
1039 1042
1039 1082
1039 1044
1039 1005
1039 1045
621 1033
621 162
621 623
621 625
621 626
1083 1084
1083 604
1085 301
1086 644
1086 645
1086 90
1087 690
1087 381
1087 1088
1087 891
1087 56
1087 695
1087 219
1087 1089
1087 1090
1087 1091
1087 1092
1087 357
1087 1093
1094 1095
1094 318
1094 1096
1094 1097
1094 236
1098 1095
1098 1099
1098 1097
1100 1101
744 752
744 796
744 656
744 992
744 658
744 659
744 660
744 661
744 662
744 663
744 746
744 664
744 665
744 666
744 667
744 748
744 1102
744 668
744 669
744 670
744 64
744 750
292 297
292 299
292 301
1103 3
1103 59
1103 918
1103 61
1103 63
1103 64
638 230
638 1104
638 639
546 304
546 1105
546 456
546 458
546 953
546 308
546 465
1106 0
1106 495
1106 55
1106 3
1106 56
1106 1107
1106 1108
1106 612
1106 613
1106 614
1106 615
1109 1110
1111 371
1111 57
1111 852
1111 205
1111 144
1111 1112
1111 895
1111 298
1111 583
762 1113
762 1028
762 290
1035 3
1035 162
1035 1036
1035 1037
1035 625
944 8
944 142
944 115
944 1111
110 433
110 435
110 111
110 112
1114 3
1114 1115
1095 1096
1095 1097
1095 1116
1117 70
1117 72
1118 128
1118 298
693 698
26 25
26 482
26 30
1119 1120
1121 269
1121 376
1121 350
1121 65
1121 1122
1123 55
1123 1124
1123 18
1123 99
1125 1126
1125 1127
1125 50
1128 1129
1130 1131
572 55
572 573
572 137
572 580
572 157
1132 298
1133 3
1133 869
1134 1135
1134 1136
1134 1137
1138 819
1138 1139
1140 0
1140 56
1140 473
1140 1001
1140 465
1141 420
1141 1142
1143 644
1143 61
1144 1145
1144 1146
1144 401
1144 1147
1144 1148
1149 1053
1149 1150
1149 1151
1149 1152
1153 8
1153 1154
323 1155
1156 1157
1158 8
1158 1159
1158 1160
1158 481
1158 1161
1158 1162
1158 27
1158 483
1158 1163
1158 1164
1158 1165
911 552
911 363
911 1166
911 553
911 554
911 436
911 1167
911 1168
213 495
213 249
213 484
213 53
213 656
213 485
213 824
213 1169
213 116
213 657
213 56
213 658
213 744
213 1170
213 1099
213 660
213 57
213 664
213 665
213 666
213 144
213 419
213 667
213 378
213 61
213 1171
213 1172
213 668
213 669
213 1173
1174 993
1175 24
1175 648
1175 650
1175 27
1175 651
1175 1176
1175 652
1175 30
1040 64
252 1177
252 280
252 254
252 282
252 208
252 949
252 257
384 1178
1179 1180
426 181
426 1181
426 1182
426 427
426 182
426 183
426 428
426 184
426 185
426 186
426 1183
426 1184
426 1185
426 187
426 188
426 189
426 432
426 190
426 191
1186 64
1187 1188
1187 1189
231 229
231 230
231 232
231 233
231 444
231 1190
231 518
231 235
231 1191
231 208
231 446
231 447
231 237
231 238
231 1192
231 239
231 639
231 727
231 240
231 241
1072 162
1072 137
293 963
293 294
293 965
293 299
293 966
293 302
1096 1193
1096 376
1096 1194
1096 1099
1096 1097
272 1195
272 218
272 356
272 357
272 698
272 289
272 1196
272 1197
272 1198
272 220
207 301
1199 1200
1199 757
1199 3
1199 323
1199 18
1199 713
1201 1202
1203 559
1203 1204
1205 56
1205 895
1205 61
1205 769
1206 501
1206 500
1206 502
1206 503
1206 467
1206 504
1206 505
1206 3
1206 1207
1206 506
1206 1208
1206 507
1206 1209
1206 508
1206 236
1206 132
1206 162
1206 509
1206 414
1206 510
1206 511
1206 787
1206 512
1206 133
1206 1210
1206 1211
1206 1212
1206 513
1206 150
1206 1213
1206 1214
1206 516
1215 1216
1217 236
1218 154
1218 1219
1218 1220
1221 292
1221 936
1221 1222
1221 38
1223 1224
1225 1226
1227 554
1227 436
1227 156
1227 1228
1227 298
1227 706
1229 1230
1231 1232
1233 106
648 8
648 24
648 649
648 650
648 27
648 651
648 652
648 1234
648 30
1170 11
1170 235
1235 249
1235 209
74 104
74 1236
1237 708
1237 1238
632 1239
632 1240
632 878
632 1241
632 634
632 1242
632 635
672 8
672 9
672 53
672 11
672 56
672 18
672 138
672 1243
672 149
1194 56
1194 1098
1194 1095
1194 1097
710 55
710 162
710 403
1244 1245
1244 627
1244 1193
1244 376
1244 1114
1244 85
1244 236
1244 44
1244 162
1244 1246
1244 1247
1244 1248
1244 1249
1244 1250
1244 1251
1244 1252
1253 562
633 1239
633 878
633 219
633 634
633 358
913 129
913 8
913 142
913 55
913 317
913 743
913 567
913 236
913 655
913 133
913 582
1254 1255
1254 456
1254 1256
1254 1257
1254 418
1254 137
1254 895
1254 461
1254 298
1254 462
1254 1258
1254 464
1254 410
1259 1112
287 657
287 57
287 18
287 1260
287 1005
287 1261
1262 1245
1262 1193
1262 1112
1262 301
1263 254
1263 107
1099 55
1099 97
1099 98
1264 55
1264 1265
1264 135
1264 44
1264 579
1264 580
1264 582
1264 921
1264 1266
1264 150
1113 382
1113 1267
1113 290
1268 271
1268 1240
1268 219
1268 164
1268 1269
1268 357
1268 358
1268 1196
1268 1198
1270 3
848 1271
848 1193
848 1186
848 1272
848 1273
848 236
848 1222
848 1274
848 1275
848 905
848 1276
1277 530
1278 1279
1278 1280
1278 1281
1278 1282
1283 1284
1284 578
1284 852
1284 205
1284 976
1284 298
654 655
649 8
649 1285
649 24
649 975
649 650
649 852
649 205
649 27
649 1286
649 651
649 895
649 1287
649 652
649 1234
649 977
649 30
118 249
118 50
1288 913
1289 82
1289 1240
1289 272
1289 633
1289 1268
1289 354
1289 218
1289 219
1289 355
1289 356
1289 1269
1289 1290
1289 357
1289 358
1289 289
393 401
1160 8
1160 11
1160 1159
1160 592
1160 481
1160 1161
1160 27
1160 1291
1160 483
1160 1163
1292 204
1293 1246
660 658
660 662
660 663
660 664
660 665
660 666
660 667
660 1102
660 668
660 669
660 670
660 64
660 750
1294 1295
1294 1296
661 795
661 1058
661 798
661 3
661 56
661 658
661 659
661 660
661 662
661 663
661 664
661 665
661 666
661 1297
661 667
661 388
661 748
661 61
661 668
661 1298
661 669
661 670
661 750
489 578
489 11
1299 249
1300 1301
1300 1302
1303 1304
1305 1288
1305 787
1306 1307
1306 514
1308 56
1308 1309
1308 1310
1311 243
1312 467
1312 3
1312 56
1312 418
1312 301
243 244
243 245
1313 142
1313 1314
1313 1315
592 1316
592 593
592 595
592 596
592 597
592 598
592 106
592 599
592 600
592 601
592 602
592 605
1317 1318
1317 1107
1317 1306
1319 298
1320 1321
182 427
182 183
182 184
182 185
182 186
182 187
182 188
182 189
182 432
182 190
182 191
791 677
791 792
662 0
662 42
662 740
662 80
662 692
662 757
662 659
662 1322
662 745
662 1323
662 664
662 1324
662 667
662 777
662 1325
662 1326
662 669
662 670
662 749
662 750
1327 1328
1327 1329
1327 1330
1331 1332
183 1333
183 701
183 427
183 1273
183 184
183 185
183 1334
183 1335
183 186
183 1336
183 1337
183 1338
183 895
183 187
183 188
183 189
183 432
183 190
819 1339
819 1340
1341 751
1341 754
232 229
232 975
232 233
232 235
232 237
232 238
232 239
232 240
232 241
1342 522
1342 114
1342 8
1342 142
1342 376
1342 11
1343 628
1344 1345
1344 1346
1347 159
1347 819
1347 849
663 658
663 659
663 662
663 1348
663 1349
663 664
663 665
663 666
663 667
663 668
663 669
663 670
663 65
663 750
1350 55
1350 266
1350 377
1350 869
1351 414
1352 1353
619 716
855 162
855 959
855 856
855 137
855 960
929 205
929 976
1354 3
1354 236
1354 856
1354 706
395 124
395 1355
395 443
395 636
395 56
395 763
395 819
395 394
395 396
395 397
395 398
395 399
395 400
395 196
395 404
395 405
395 406
395 407
395 410
395 412
1356 1357
1356 1358
1356 1359
1322 830
1322 55
1322 829
1322 318
1322 835
1322 711
1322 580
1322 97
1322 713
1360 1361
901 902
901 1362
1363 382
765 116
765 1364
765 1365
765 1366
765 826
765 61
1367 1368
1369 1370
1369 1371
1369 470
1372 333
1372 11
1372 3
1372 64
167 1373
167 1374
167 1375
167 212
167 1376
167 128
167 1377
167 1378
167 1379
167 1380
167 1183
167 1381
167 1382
167 1383
167 1384
167 1012
167 1385
167 989
167 1386
167 1387
57 371
57 249
57 155
57 56
57 350
57 61
57 869
57 583
57 65
57 68
1388 204
1389 1390
1391 1392
1391 1393
458 114
458 304
458 3
458 929
458 953
458 459
458 306
458 460
458 461
458 462
458 463
458 308
458 464
458 954
458 465
1394 55
1394 3
1394 1395
1394 1396
1394 18
1394 1397
1394 1398
1394 713
1394 1399
266 3
266 18
266 1003
374 1400
374 405
1401 558
233 227
233 229
233 235
233 1191
233 18
233 447
233 237
233 238
233 1192
233 239
233 240
233 241
490 528
490 1402
490 493
677 44
677 792
677 1403
677 530
677 793
677 794
650 652
650 30
444 229
444 230
444 232
444 1190
444 237
444 238
444 1192
444 239
444 240
444 241
1404 1405
569 1058
569 1406
569 1407
1408 3
1409 522
1409 1410
1409 1279
1409 1411
1409 265
1409 1412
1409 1099
1409 12
1409 1413
1409 17
1409 22
878 163
878 631
878 1239
878 3
878 1022
878 350
878 1124
878 940
878 18
878 580
878 65
1414 56
476 477
14 7
14 55
14 578
14 11
14 3
14 1300
14 18
14 20
1415 578
1415 819
1415 822
1416 999
135 1262
135 1265
135 535
135 1273
135 1417
135 44
135 18
135 537
135 51
135 1418
135 1419
135 1243
135 492
135 140
135 538
135 1266
135 150
135 1420
135 540
938 371
938 831
938 55
938 3
938 384
938 878
938 594
938 1062
938 940
938 579
938 18
938 941
938 713
938 64
938 942
1421 1422
1423 8
1423 1056
1423 1424
1423 250
1423 1425
1423 1426
1423 1427
1423 1428
1423 1429
1423 1430
1431 254
1432 1302
1433 159
1433 160
223 914
223 915
223 1434
223 1435
223 1436
223 1437
136 137
136 139
535 3
535 537
535 538
535 540
879 8
879 376
879 3
879 56
879 135
879 350
879 61
879 582
879 1438
879 1439
879 65
1440 553
481 25
481 1159
481 1161
481 27
481 482
481 483
481 1163
481 30
1441 583
1442 1443
366 367
366 369
1444 1445
1446 71
1447 1448
1447 221
1447 1071
1447 1449
1447 1450
1447 1451
1447 1452
4 5
773 771
1316 593
1316 595
1316 596
1316 597
1316 598
1316 601
1316 602
1316 605
397 115
397 1265
397 399
397 44
397 400
397 196
397 405
397 412
1453 317
1453 1454
1455 1456
1457 396
1457 1458
218 163
218 354
218 356
218 357
218 358
218 289
218 1197
218 1459
218 220
1460 1195
1460 1461
1145 1146
1145 401
1145 1147
1145 1148
1208 501
1208 1462
1208 742
1208 1463
1208 1464
1208 1465
1208 821
1208 1466
350 1305
350 1467
350 788
350 1275
350 1468
350 65
567 709
567 11
567 1265
567 44
567 96
567 18
567 320
567 582
567 1469
567 1470
567 885
567 64
567 67
1241 271
1241 1239
1241 1268
1241 1289
1241 219
1241 1269
1241 357
1241 635
1241 289
1241 1196
1241 1198
1241 220
1471 1472
1471 1473
1471 1474
1471 1475
1471 1476
1471 1477
1471 1478
1471 1479
1471 1480
1471 1481
1273 376
834 1482
834 1483
834 137
834 579
834 106
834 1484
834 1485
834 836
834 1486
834 582
834 1211
834 107
834 1487
834 64
834 1488
1190 226
1190 227
1190 228
1190 229
1190 204
1190 742
1190 232
1190 233
1190 518
1190 235
1190 976
1190 446
1190 949
1190 38
1190 447
1190 237
1190 238
1190 1192
1190 652
1190 240
1190 241
1489 1490
1489 1491
1489 1492
1493 298
1493 39
1494 179
1494 1495
1041 3
1041 1040
1041 1042
1041 1043
1041 1044
1041 1045
930 1236
1496 45
1496 47
1496 951
1496 1497
1496 849
1496 1498
184 1182
184 427
184 1499
184 1500
184 1482
184 185
184 59
184 186
184 1501
184 1337
184 1502
184 187
184 188
184 189
184 432
184 190
184 191
1503 390
85 86
85 438
85 1018
85 89
85 1504
85 1020
1505 1472
1505 1473
1505 1474
1505 1475
1505 1476
1505 1506
1505 1477
1505 1479
1505 1507
1505 1480
1505 1481
35 1009
1508 1350
1508 377
1508 868
1508 869
507 503
507 505
507 506
507 509
507 511
507 513
507 516
1509 3
1509 1510
935 842
935 1511
935 30
344 1512
344 345
344 346
344 140
344 347
1513 619
1513 1220
1513 106
1513 107
1513 1514
1515 1516
1517 212
1518 56
1518 57
1518 1519
1518 583
234 1520
234 365
234 1521
1522 313
1523 1524
1523 1525
1526 317
1526 1331
1526 128
1526 1527
1526 1528
1526 1529
1526 1530
1526 441
1531 1532
1531 1533
1531 622
1531 625
1534 1535
1534 1536
1467 1537
1467 579
1467 133
1467 134
1538 249
1538 1539
1540 1541
1540 783
1540 3
1540 1542
1540 137
1543 1530
1544 8
1544 1177
1544 757
1544 1545
1544 11
1544 56
1544 1331
1544 1546
1544 1547
1544 1542
1544 554
1544 1336
1544 1548
1544 1549
1544 208
1544 727
1550 859
185 1551
185 1182
185 186
185 187
185 188
185 189
185 1552
185 432
185 190
185 191
543 1553
543 61
543 1554
1555 1422
1555 1270
1555 1556
1377 128
1377 254
1377 1302
1557 1124
459 236
459 1558
459 462
459 463
459 1559
593 114
593 9
593 11
593 595
593 1560
593 596
593 597
593 598
593 599
593 601
593 602
593 1561
593 410
593 605
1562 1563
1564 560
1565 242
1565 911
1565 1566
1567 836
1568 467
1568 56
1568 236
1569 1570
1571 1560
1572 1573
1574 317
1574 56
1574 581
1574 65
1124 3
1124 580
1124 1575
1124 98
1576 1577
1576 1578
683 129
683 55
683 864
683 3
683 318
683 137
683 836
683 38
683 150
683 684
683 301
1579 1580
1579 514
664 658
664 659
664 665
664 666
664 667
664 748
664 668
664 669
664 670
664 750
1581 55
1581 11
1581 3
1581 1099
1581 12
1581 236
1581 18
1581 1005
367 1240
367 365
367 1582
367 1583
367 1584
367 369
518 227
518 1472
518 229
518 252
518 233
518 787
518 446
518 239
518 849
518 241
1267 53
1267 56
1585 55
1585 3
1585 582
1585 1211
1585 64
71 70
71 1586
71 72
71 1587
205 752
205 852
1588 55
1588 93
1588 1589
1588 3
1588 74
1588 1590
1588 1583
1588 579
1588 1591
1588 885
1588 64
1588 1592
1476 1472
1476 1473
1476 1474
1476 1506
1476 1479
1476 1507
1476 1480
1593 64
1593 193
1458 1594
1458 1595
1458 1378
1458 143
1458 1596
1458 1597
1506 1477
1506 1479
1506 1480
1598 258
1598 1599
1600 131
1600 1601
1602 354
1602 356
1602 358
711 829
711 1603
711 580
711 1604
711 713
1161 8
1161 1159
1161 3
1161 27
1161 18
1161 106
1161 483
1161 1163
1161 107
1161 1164
1605 467
1324 857
1324 1606
1607 1608
1607 1609
1610 128
1611 1612
280 114
280 8
280 9
280 11
280 3
280 236
280 579
280 281
280 282
280 1613
280 64
280 257
280 1614
280 283
435 108
435 433
435 438
435 111
435 112
236 95
236 38
236 517
1615 1616
1617 773
1617 1618
1617 1619
1620 3
1620 64
1379 1621
1379 44
1622 1454
1622 836
1623 1624
1623 904
1623 408
1623 409
1623 943
1623 411
1625 1626
1625 973
1627 1245
1627 1628
1627 1629
1627 101
1627 1630
1631 376
1631 1632
1631 318
1631 388
119 54
119 50
219 1240
219 272
219 1099
219 218
219 1633
219 1269
219 357
219 358
219 289
219 1196
219 220
549 550
549 551
1634 955
1634 1635
1634 1636
1637 1638
1639 467
1639 3
1639 56
1640 216
1640 1641
951 8
951 3
951 1124
951 579
951 470
1042 687
1042 580
1042 1044
1042 1045
1642 1001
665 658
665 659
665 662
665 666
665 667
665 748
665 668
665 669
665 670
665 750
1643 1644
1645 865
1645 1646
1645 50
1647 56
1428 1429
1648 801
1648 1649
399 1650
399 763
399 394
399 1651
399 135
399 396
399 398
399 1623
399 400
399 196
399 298
399 404
399 405
399 406
399 407
399 410
399 412
1652 8
1652 653
1652 3
1652 655
594 124
594 56
594 977
594 1653
1654 992
1654 1655
44 1656
44 566
44 1265
44 1657
44 380
44 51
44 949
44 1658
44 140
44 1266
44 1659
44 150
95 11
95 162
1660 522
1660 8
1660 265
1660 55
1660 3
1660 819
1660 1661
1660 437
1660 17
1660 18
1660 19
1660 133
1660 1662
1660 22
1660 492
1660 1663
1664 382
1664 236
1665 1666
1665 1667
1665 1668
1665 1669
1665 476
1665 162
1665 1670
1665 788
1665 137
1665 278
1671 8
1671 318
355 354
355 356
355 358
355 1672
355 220
1673 317
1673 467
1673 56
1673 1099
1673 128
1673 205
1673 44
1673 801
1673 787
1673 137
1673 299
1673 1066
1674 1675
1674 1676
1674 383
1674 96
1674 1677
1674 106
1674 1678
162 1679
162 501
162 1680
162 502
162 503
162 505
162 3
162 1207
162 506
162 507
162 1209
162 508
162 1681
162 509
162 510
162 511
162 512
162 513
162 515
162 1682
162 1213
162 516
1683 590
1683 839
1683 840
1683 364
1683 956
1683 38
666 46
666 686
666 658
666 659
666 662
666 746
666 667
666 1269
666 748
666 1102
666 668
666 669
666 670
666 750
792 114
792 8
792 9
792 731
792 11
792 1684
792 295
792 18
792 156
792 61
792 22
792 1243
792 793
792 794
1685 1399
1686 1687
1686 1688
509 1679
509 1680
509 503
509 510
509 511
509 1212
58 376
1689 999
1429 1424
1429 1430
1429 1690
1691 1692
1691 1204
1693 1694
1693 849
214 1695
214 1696
214 377
214 1697
214 215
214 994
214 18
214 61
214 285
214 298
214 22
214 1261
1527 208
1527 1698
338 339
595 1676
595 596
595 597
595 598
595 599
595 600
595 601
595 602
595 605
1699 1700
1701 1702
1703 1522
1703 18
1704 1705
1704 83
1704 1187
1704 1189
1704 261
1704 1706
144 522
144 874
144 1271
144 53
144 1551
144 56
144 975
144 1707
144 553
144 1708
144 1709
144 377
144 1710
144 1063
144 1711
144 106
144 298
144 1066
144 1712
144 1310
1713 11
1713 95
1714 148
1618 1709
1618 1290
1715 97
1716 3
1716 1717
1716 469
1718 932
1547 55
1547 3
1547 1719
1547 567
1547 236
1547 1720
1547 582
1721 258
1721 3
1721 572
1721 137
1721 169
76 1722
76 77
1723 590
1723 657
1723 660
1723 17
1723 670
1724 572
1724 420
1725 547
1725 3
1725 1726
1725 1727
805 389
805 806
805 720
805 402
805 808
805 688
805 721
805 411
805 810
1709 1357
1709 1728
1709 1368
1709 1729
1709 61
1730 1709
1553 1554
1731 1732
939 1733
939 8
939 1695
939 55
939 93
939 11
939 3
939 212
939 56
939 57
939 579
939 994
939 18
939 97
939 61
939 1211
939 64
1492 1144
1492 1491
1492 1145
1492 1734
1492 1735
1736 317
1736 236
1736 44
1736 137
1736 1084
1736 18
288 8
288 417
288 9
288 142
288 18
288 849
1737 1738
1737 910
1737 3
1737 1394
1737 1685
1737 933
1737 1739
1737 1740
1737 1399
1737 64
1737 67
1741 236
1742 1679
1742 1680
1742 503
1742 504
1742 507
1742 511
1742 515
1402 529
1402 493
1743 1744
612 613
612 614
612 615
1745 1746
1747 1748
1747 1749
1747 1750
1747 1751
27 24
27 26
27 650
27 651
27 482
27 483
27 652
27 1234
27 410
27 30
1752 171
1752 56
1752 1621
1752 1753
1754 55
1754 1755
1754 1756
1754 97
1754 38
1009 1695
1009 1318
1009 567
1009 1757
1758 56
1758 254
1759 1532
1759 1760
1759 1761
1043 3
1043 1039
1043 1040
1043 710
1043 1042
1043 1688
1043 18
1043 1044
1043 64
1043 1045
1762 579
1762 65
253 113
253 151
253 249
253 152
253 44
253 1763
253 1764
253 402
253 471
253 150
253 1765
634 1766
634 163
634 1551
634 323
634 878
634 1585
634 1155
634 635
1767 3
1767 207
1767 1297
1767 1768
1769 1770
1769 1771
1769 3
1769 318
1769 975
1769 436
1769 137
1769 555
1772 1300
377 8
377 731
377 1551
377 1773
377 116
377 1071
377 1774
377 117
377 1775
377 74
377 1776
377 834
377 1764
377 1777
377 895
377 1521
377 61
377 285
1778 1465
1779 973
198 678
198 1780
198 402
198 403
198 440
198 406
198 408
198 409
198 943
198 411
198 412
1578 1577
1578 1781
1578 1782
1578 1783
1784 1785
1786 594
1786 358
1787 115
1787 3
1787 1052
1787 579
1787 1788
120 119
120 50
1560 1789
1560 601
1560 1790
1560 1561
1560 410
1692 1791
1692 787
1692 1792
1793 1794
1793 1556
1795 414
696 692
696 911
696 697
696 698
1796 1797
1798 1799
294 964
294 965
1800 522
1800 114
1800 8
1800 1056
1800 1676
1800 265
1800 1801
1800 54
1800 1802
1800 1803
1800 1804
1800 318
1800 1805
1800 1376
1800 1806
1800 12
1800 819
1800 13
1800 1724
1800 1807
1800 1808
1800 17
1800 18
1800 1809
1800 19
1800 1810
1800 1662
1800 1811
1800 440
1800 1812
1800 1813
1800 1663
1497 47
1497 951
1814 1815
1180 1816
1817 115
1817 405
164 1239
164 1240
164 633
164 878
164 218
164 357
164 358
164 635
1818 53
1818 548
1818 3
1818 549
1818 1708
1818 1819
1818 554
1818 420
1818 550
1818 298
1818 1820
368 364
1821 1070
1822 3
1822 1823
1822 1419
1822 107
1822 1824
1799 154
1799 1656
1799 1825
1799 56
1826 975
1827 8
1827 1828
1829 706
1830 505
1780 389
1780 392
1780 402
1780 403
1780 406
1780 408
1780 409
1780 943
1780 411
1780 412
898 899
1831 250
1291 8
1291 1159
1291 1158
1291 481
1291 1162
1291 27
1291 483
1291 1163
1291 1164
1291 1165
1291 200
1832 657
1832 3
1832 644
1832 18
1832 1833
1834 1835
1834 135
1834 1836
1837 936
437 128
1838 249
1838 1426
1838 16
1838 1839
1840 1841
1840 1842
1722 75
1722 77
511 1680
511 503
511 506
511 512
511 515
1843 42
1843 1687
1843 1686
345 522
345 341
345 1512
345 1720
1764 152
1844 291
1844 3
1844 1700
1845 1846
1845 1099
312 43
312 144
312 1847
312 422
356 354
356 357
356 358
356 1672
356 359
356 289
356 220
438 371
438 78
438 55
438 1017
438 3
438 56
438 110
438 1244
438 819
438 434
438 86
438 87
438 1018
438 111
438 88
438 156
438 89
438 1504
438 1020
940 3
940 64
823 1848
823 74
823 820
823 18
823 1849
823 1809
823 1788
1850 55
1850 757
1850 1687
1850 1688
1851 1852
1853 975
1853 1854
1853 38
959 958
959 856
959 960
499 1286
499 977
1855 1856
1855 515
1855 736
1855 1857
87 1018
87 88
87 89
1054 701
1054 1150
1054 1858
1054 1151
1859 382
1859 999
1860 55
1860 3
1860 1230
1860 1861
1862 567
1862 1550
1862 580
1862 1863
1862 440
1286 1864
1286 977
1657 1865
1657 1659
1866 708
1867 1646
1867 1868
1867 1869
1870 357
1871 823
1063 1169
1063 999
1063 1093
1872 128
1872 1873
1872 236
1872 162
1874 1875
1876 1656
1876 582
1876 859
844 54
844 3
844 107
844 1614
1178 1056
1178 1285
1178 771
1178 1877
1178 1878
1178 1879
1178 16
1178 1880
1178 787
1178 1881
726 249
726 1882
726 208
726 727
726 728
726 729
1883 371
1883 57
1883 583
1884 1885
1884 116
1884 59
1884 61
1884 1886
1884 63
1887 628
1887 1326
1882 249
1882 351
1888 1889
1888 1569
1888 1890
1888 1570
788 1891
788 1892
788 1893
788 1697
806 720
806 402
1894 162
512 502
512 503
512 3
512 1209
512 1895
846 628
1896 1099
1896 1327
1897 57
1897 44
1897 1898
1897 61
1899 1900
96 1545
96 1069
1269 1240
1269 272
1269 1394
1269 218
1269 357
1269 358
1269 635
1269 1196
1901 328
1902 249
1902 1002
1902 704
215 337
215 117
215 1696
215 1903
215 295
215 994
1904 1576
1904 1578
868 204
868 1744
868 869
429 426
429 431
429 188
1905 1906
1905 168
1905 424
1905 1907
1905 1522
1905 1908
1905 1909
1905 1910
1911 998
1911 3
1911 975
1911 132
1911 18
1911 285
1911 1912
641 204
1018 86
1913 1454
596 598
596 599
596 600
596 601
596 602
596 605
881 322
881 1914
881 1069
1915 57
1916 56
1916 137
1916 420
1917 55
1917 3
1917 1918
1917 579
1917 582
1917 1469
1917 64
720 1919
720 1920
720 808
720 688
720 721
720 411
720 810
1921 1922
339 317
856 3
856 1295
856 1923
1794 628
1794 1556
1677 554
137 3
137 135
137 51
137 38
1924 275
1924 1925
1084 1926
1084 298
1927 1928
1927 1929
1865 495
1865 1930
1865 25
1865 1931
1865 1932
1865 150
1129 1001
579 1933
579 64
1934 1120
1934 1734
1934 1492
1934 1735
1934 1905
1934 61
960 1935
960 204
960 128
960 958
960 208
960 1936
960 285
1937 350
1082 55
1082 3
1082 1632
1082 1394
1082 97
1082 98
1938 376
1938 1939
1940 39
1941 157
281 252
281 282
281 257
281 283
1942 1062
1942 1943
1942 1702
254 204
254 56
254 144
254 1944
254 61
254 1945
254 257
1946 3
1946 56
1946 801
1946 1947
1946 849
1948 236
1949 495
1949 1695
1949 249
1949 1903
1949 1950
1949 144
1949 554
1949 994
1949 61
1949 1951
1952 1396
1953 892
1953 3
1953 18
1953 1469
1953 885
1953 64
1028 290
1954 1172
1955 696
111 433
111 56
111 58
111 1956
111 61
111 112
1957 522
1957 8
1957 831
1957 11
1957 3
1957 499
1957 18
1957 582
1957 1958
1959 42
1959 212
1959 436
1248 1960
1248 1961
1962 317
1962 236
597 8
597 589
597 596
597 599
597 600
597 601
597 602
597 605
1963 1964
1965 1966
1965 1903
1965 1967
1965 378
651 24
651 650
651 1287
651 652
651 30
306 1968
306 1969
555 140
1970 80
1970 1971
1970 1282
1972 975
1972 1973
1191 230
1191 238
1191 639
1191 240
379 812
1974 1378
1974 1975
1976 363
1976 366
1976 367
1976 369
1977 56
88 85
88 86
88 1018
88 89
88 1504
88 1019
88 517
88 1020
1978 1979
1092 695
1525 121
1525 1524
1525 1980
1981 317
1981 553
1981 859
1981 1698
1982 376
1982 337
1982 553
1982 128
1982 205
1982 554
1982 380
1982 895
1983 1984
1985 56
1985 775
1985 57
1985 350
1985 1879
1985 554
1985 436
1985 580
1985 61
1986 1987
1988 1989
996 1990
1991 1992
1991 1993
1991 3
1991 1889
1991 1994
1991 1569
1991 1888
1991 30
1991 1890
1991 1570
580 830
580 831
580 55
580 1995
580 1604
580 713
580 517
1996 376
1649 955
1649 350
1649 788
1649 65
1131 706
708 1997
1998 133
1999 2000
1495 96
1495 440
97 831
97 318
97 2001
97 580
97 106
97 133
97 107
97 713
97 2002
97 98
431 291
431 1427
431 866
431 445
431 294
431 895
431 187
431 298
431 65
401 897
401 1147
401 1148
2003 116
2003 11
2003 117
2003 57
2003 295
2003 419
2003 61
2003 65
2004 812
2005 2006
2005 1841
2005 976
2005 298
2005 517
2007 53
2007 56
2007 2008
2007 2009
2007 61
2010 55
614 2011
614 613
614 615
2012 54
2012 2013
2014 553
2014 994
2014 285
2015 2016
2017 2018
895 911
895 776
895 1734
895 51
895 208
895 738
1302 1301
1302 859
1302 904
2019 2020
2019 852
2019 205
2019 895
2019 298
1168 822
2021 1052
2021 2022
245 56
245 244
358 163
358 272
358 354
358 2023
358 357
358 635
358 289
358 1197
358 1459
358 1198
358 220
89 1017
89 86
89 1018
89 61
89 1439
89 1019
89 1020
2024 686
2024 785
2024 2025
2026 2027
2028 249
2028 57
2028 583
2029 2030
1672 82
1672 722
1672 272
1672 354
1672 357
1672 358
1672 106
1672 359
1672 107
1672 289
2031 337
1847 371
1847 249
1847 155
1847 57
581 924
346 1157
346 1512
346 677
2032 57
2032 2033
2032 583
2034 129
2034 114
2034 495
2034 9
2034 142
2034 55
2034 11
2034 554
2034 18
2034 97
2034 156
2034 133
2034 2035
2034 22
2034 38
2034 714
598 597
598 599
598 600
598 601
598 602
598 605
2036 495
2036 236
2036 357
1922 116
1922 137
1922 2037
2038 3
2038 710
2038 18
2038 134
105 106
105 107
2039 258
2039 852
2040 2041
1785 376
1785 1604
1785 2042
106 107
2043 2044
2045 249
2045 57
2045 420
599 600
599 601
599 602
599 605
2046 78
2046 85
2046 1504
1858 528
1858 44
2047 166
2047 18
488 485
488 628
488 419
488 487
2048 1695
2048 1646
2048 317
2048 384
2048 567
2048 580
2049 1456
2050 1484
2051 203
2051 204
2052 56
2052 344
2052 345
2053 1846
2053 2054
216 1875
216 2055
216 1641
482 23
482 114
482 8
482 11
482 24
482 28
482 178
482 483
482 30
1729 3
2056 44
941 55
941 3
941 318
941 878
941 940
941 18
941 580
941 942
178 135
2057 2058
2059 150
2059 64
2059 849
1151 1098
1151 1150
1151 236
1151 1152
615 613
1154 137
1154 51
537 44
537 18
537 107
537 538
537 540
455 301
455 2060
455 2061
1397 1395
1397 1396
61 757
61 11
61 1520
61 3
61 56
61 365
61 2062
61 350
61 162
61 687
61 137
61 1082
61 1521
61 1275
61 2063
61 65
61 2064
2065 533
133 2066
133 132
133 134
2067 249
2067 1902
712 2068
712 1676
712 1801
712 3
712 710
712 819
712 18
712 2069
712 67
1242 163
1242 631
1242 1239
1242 633
1242 878
1242 634
1242 165
1242 635
2025 11
2070 2071
2070 2072
2070 2073
2074 114
2074 55
2074 11
2074 3
2074 96
2074 18
2074 1495
2074 97
2074 582
2074 1211
2074 1243
2074 403
2074 1575
2074 885
2074 64
2074 98
2075 376
2075 1892
2075 18
196 3
196 148
196 405
1171 53
1171 212
1171 56
1171 1099
1171 57
1171 61
20 9
20 11
20 3
20 677
20 1724
20 97
20 1810
20 139
2076 56
2076 1107
2076 1246
2077 1350
2077 869
2078 174
2078 1973
2078 2079
2078 177
2078 626
2080 236
2081 57
29 480
29 24
29 686
29 25
29 26
29 27
29 436
29 28
29 482
29 483
29 30
359 354
359 355
359 357
359 220
134 1695
134 2082
134 132
1002 249
2083 2084
2083 2085
2083 2086
2083 2087
2083 2088
2083 1533
2083 445
2083 2089
2083 2090
2083 2091
2083 916
2083 2092
2083 2093
2083 1437
2083 2094
2083 2095
2083 492
2083 2096
2083 2097
2083 2098
550 920
550 3
550 921
550 551
2099 203
2099 204
2099 2100
282 114
282 9
282 3
282 1613
282 257
282 283
1329 1376
1329 2101
1329 1330
1329 2102
2103 2104
2103 554
2103 1282
187 427
187 186
187 188
187 189
187 432
187 1282
187 190
187 191
2105 2106
2105 757
2105 1295
2105 1521
2105 107
2105 822
62 66
1558 305
1558 457
1558 458
1558 461
1558 462
893 892
893 894
2107 619
452 2108
452 18
452 453
36 34
1727 3
1727 1726
2109 2110
2109 410
2111 225
2111 2072
2112 130
600 589
600 1021
600 1314
600 601
600 602
600 605
2113 522
2113 1245
2113 742
2113 11
2113 2114
2113 252
2113 1205
2113 36
2113 1102
2113 2115
2113 2116
2113 257
461 459
461 2117
461 460
461 463
461 464
2118 422
2119 55
2119 3
2119 318
2119 2120
2119 1557
2121 2122
2121 467
2121 768
2121 663
564 1129
2123 157
2124 367
2124 369
1236 142
1236 315
1236 376
1236 212
1236 318
1236 350
1236 236
1236 1764
1236 580
1236 1275
1236 38
1236 65
1839 337
2125 9
2125 2126
147 114
147 258
147 11
147 491
1325 317
1325 785
1325 128
1325 1879
1325 1378
1325 2127
1325 2072
1325 2128
1325 2115
1325 737
836 766
836 2129
836 1487
774 849
2130 628
2131 249
2131 57
2131 583
138 1264
1788 371
1788 114
1788 55
1788 298
1788 107
1788 329
1788 330
1788 331
1788 1165
557 556
557 2132
2133 2134
2133 2135
1275 65
602 2136
602 2137
602 2138
602 382
602 664
602 1688
602 601
602 605
1044 0
1044 2139
1044 709
1044 1426
1044 56
1044 1040
1044 236
1044 294
1044 1082
1044 1045
2140 255
2141 2142
2141 1255
2141 742
2141 2143
2141 683
2141 1905
2141 38
2141 2144
352 351
352 1882
2145 137
2146 495
2146 578
2146 11
2146 3
2146 579
2146 2147
1419 1823
1419 107
1419 1824
2148 998
2149 610
2149 2150
2149 3
2149 579
2149 2151
2149 64
2152 1745
2152 388
2152 2153
2152 2154
1430 1424
1430 1427
1430 1428
2155 572
2155 137
902 11
902 951
902 470
2156 2157
2158 1527
2159 1984
2160 1265
2160 1266
2160 150
1260 2161
1260 2162
1260 657
1260 57
1260 18
1260 2027
1260 2163
1260 2164
1260 1261
1260 1045
298 2165
298 1766
298 2166
298 1177
298 2167
298 907
298 2168
298 2169
298 205
298 436
298 2170
298 1286
298 871
298 895
298 537
298 2171
298 1172
298 2172
298 2173
298 517
298 1137
2174 1208
2174 1209
1076 584
2175 2176
2175 1531
2175 2177
2175 1037
2175 2171
2175 626
2178 2179
2180 1950
1093 357
1093 698
1093 289
21 417
21 1071
21 117
21 16
2181 2182
2181 2110
307 8
307 305
307 544
307 456
307 457
307 546
307 929
307 458
307 953
307 306
307 954
307 465
530 2183
530 1112
530 981
530 320
462 2184
462 463
462 464
2185 2186
2185 1025
2185 1297
2185 2187
2185 2188
2185 2189
2185 2190
582 55
582 11
582 3
582 2191
582 1918
582 579
582 2192
582 61
582 1469
582 1575
582 885
582 64
463 304
463 1079
463 460
463 464
2037 3
2193 636
2193 782
2193 3
2193 1588
2193 1258
2193 2194
698 3
698 694
698 218
698 357
698 18
698 358
698 61
698 697
698 260
698 736
698 2195
698 1197
2196 364
2196 2197
2198 2199
2198 1612
2198 1308
2198 2200
2198 436
2198 615
2198 1310
327 325
327 326
327 328
327 329
327 330
327 331
327 332
165 1239
165 164
2201 1621
2202 2071
2202 2203
2202 1310
2202 2204
1384 1060
255 8
255 2205
255 2206
260 697
260 1197
2207 2208
1626 2209
1626 2210
1519 2211
1519 275
1519 2162
1519 742
1519 992
1519 195
1519 2212
1519 318
1519 57
1519 34
1519 1273
1519 97
1519 2213
299 57
299 350
299 296
299 297
299 301
299 65
299 302
1604 829
1604 1650
1604 1603
1036 1034
1036 1037
1717 55
1717 57
1717 583
2214 1651
2214 358
2214 736
2214 1630
2215 114
2215 8
2215 9
2215 252
2215 135
2215 254
2215 140
2215 257
2216 113
2216 8
2216 9
2216 142
2216 249
2216 54
2216 204
2216 11
2216 252
2216 135
2216 44
2216 145
2216 253
2216 254
2216 2217
2216 61
2216 51
2216 859
2216 474
2216 140
2216 150
2216 257
2218 2219
2220 2221
2220 2222
1330 204
1330 1376
1330 1286
1330 976
1330 895
1330 298
2223 212
2223 128
2223 2224
2223 1922
2223 2037
2225 3
2225 1137
2226 3
2226 1327
2227 2228
2227 849
1176 8
1176 24
1176 649
1176 27
1176 895
1176 1287
1176 652
1176 30
1469 3
1469 97
1469 64
1469 2229
2230 350
2230 788
2230 133
2230 157
2230 65
2231 1698
2231 301
2232 2233
2232 2234
1990 995
2235 486
2235 61
2236 137
2236 603
1066 2237
2238 975
2238 156
1243 114
1243 8
1243 269
1243 3
1243 951
1243 44
2239 272
2239 633
2239 218
2239 289
2240 95
328 326
328 329
2241 1420
2242 2243
2242 2244
2242 1064
2242 64
169 436
2245 56
2245 2246
2247 2248
63 2249
2250 384
2250 1585
2250 236
2250 96
2250 579
2250 18
2250 885
2250 64
2250 1488
2250 67
2250 99
1155 1973
1155 769
2251 2252
469 1305
469 1981
469 2253
1163 1159
1163 1162
1163 236
1163 27
1163 18
1163 106
1163 483
1163 107
1163 157
1163 1164
1163 1165
513 501
513 502
513 503
513 505
513 1207
513 506
513 1208
513 508
513 2254
513 1213
513 516
1258 897
551 3
551 106
551 107
551 2255
2256 920
2256 548
2256 3
2256 549
2256 550
2256 551
635 1551
635 878
808 806
808 721
808 411
808 412
808 810
1148 363
1148 1146
1148 1147
2257 203
2257 771
2257 204
2257 318
2257 680
2257 2258
2259 2260
2259 1835
2259 135
2259 2261
2259 137
2259 2018
2259 1230
2259 2262
2259 2263
1861 1290
2264 2265
2264 162
2264 470
1466 1079
1466 878
1466 1893
1466 579
1466 1937
1466 582
1466 64
1466 98
2266 3
2266 2267
1863 566
1863 2106
1863 686
1863 2249
1863 1294
1863 567
1863 1550
1863 414
1863 18
1863 580
1863 298
1863 2238
1863 403
1863 150
107 1479
107 2268
148 114
148 2269
148 195
148 895
38 955
38 8
38 852
38 205
1287 24
1287 652
1287 30
2270 1193
2270 2271
1398 955
2272 580
2273 2246
2273 1063
2273 30
2274 1465
447 226
447 229
447 230
447 232
447 237
447 239
447 241
2275 3
2275 2276
1371 41
1371 816
1371 951
403 975
403 2277
403 1624
403 687
403 402
403 406
403 407
403 98
403 408
403 409
403 943
403 411
403 412
2278 495
2278 2279
2278 1065
2278 212
2278 117
2278 975
2278 377
2278 436
2278 97
2278 895
1468 2280
1037 3
2281 677
2281 1124
2282 2283
1613 114
1613 279
1613 252
1613 281
1613 283
531 2284
531 2285
531 436
531 18
531 532
1606 376
2128 436
2128 2286
2287 2288
2287 2289
924 382
924 298
793 297
793 2290
793 1619
2291 45
2291 46
2291 946
2292 2293
2292 64
2294 495
2294 3
2294 2295
2294 975
2294 644
2294 236
2296 2027
2297 1454
2297 2184
1070 2298
1070 2299
1070 1561
713 830
713 55
713 3
713 1211
50 592
2300 154
1019 2301
1019 78
1019 2302
1019 2303
1019 84
1019 3
1019 1244
1019 819
1019 85
1019 434
1019 86
1019 438
1019 87
1019 1018
1019 18
1019 1504
1019 1020
2304 91
2304 1729
2304 2305
809 808
809 688
809 810
237 238
237 239
237 241
2306 271
2306 1239
2306 1240
2306 1241
2306 219
2306 289
2306 1198
2306 220
2307 376
2308 1745
2308 2309
1478 1474
1478 2310
1478 1476
1478 1506
1478 1477
1478 1480
2311 627
2311 1193
2311 376
2311 1248
2311 1961
2312 500
2312 503
2312 1207
2312 1208
2312 507
2312 1209
2312 508
2312 509
2312 511
2312 2174
2312 1895
2151 2313
2151 2314
905 2315
905 548
1005 522
1005 54
1005 3
1005 1907
1005 975
1005 18
1005 582
1005 299
1005 1469
48 1520
48 350
48 951
2316 384
2316 18
2316 64
2316 1488
330 73
330 11
330 3
330 326
330 18
330 320
330 328
330 329
330 331
330 332
330 1165
330 1304
404 2317
404 763
404 394
404 396
404 398
404 400
404 196
404 405
404 406
404 412
492 275
2318 2193
2318 441
139 128
139 137
139 1082
2319 249
1744 258
1479 1472
1479 1473
1479 391
1479 804
1479 1474
1479 805
1479 720
1479 808
1479 1477
1479 1478
1479 1507
1479 1480
1479 1481
1479 688
1479 411
1479 412
1479 810
2320 1111
2321 2322
2321 2323
2324 3
760 742
760 758
760 74
189 1182
189 427
189 59
189 186
189 188
189 190
238 8
238 229
238 518
238 235
238 106
238 107
238 447
238 1192
238 239
238 240
238 241
2325 2261
2326 797
2327 8
2327 975
2327 852
2327 380
2327 18
2328 1200
2329 1271
2329 336
2329 1023
2329 338
2329 339
2329 18
2329 474
2329 1024
1706 1189
209 38
1139 135
1139 44
1139 1619
2262 1440
2330 53
2330 56
2330 57
2331 2332
2331 51
1261 249
1261 418
1399 1738
1399 3
1399 2333
957 590
957 839
957 1928
957 364
957 2164
1192 230
1192 239
1192 240
1192 241
2002 55
2002 579
2002 2010
2002 98
538 540
308 456
308 929
308 953
308 306
308 463
308 954
308 465
2334 322
2334 323
2334 1155
2335 1230
1480 1473
1480 1474
1480 106
1480 107
1480 1477
1480 1507
2336 2337
2336 2338
2339 545
2172 243
2172 517
2340 57
1266 1265
1266 150
2341 1734
2341 1003
1007 1755
1007 3
1007 1006
2342 2343
2342 1205
2173 742
2173 56
2173 1378
2173 106
2173 1516
2173 1514
149 236
149 18
149 67
150 291
150 1265
150 1657
2344 9
2344 2074
1481 1472
1481 1646
1481 1473
1481 1475
1481 1476
1481 1477
2345 97
2345 98
2345 2346
2347 376
2347 993
2347 553
2347 128
2347 852
2347 205
2347 144
2347 16
2347 295
2347 137
2347 555
2347 895
2347 299
2347 38
2348 1237
2348 708
2349 534
2349 895
2350 128
2350 357
2350 289
2248 1884
1298 1621
1298 2351
1298 106
1298 61
1298 107
1298 2352
2353 249
2353 2354
2353 57
2353 2194
1782 1576
1782 1577
1782 1781
2352 56
2352 1621
2352 645
652 30
2355 1097
2355 2356
2357 315
2357 319
2357 321
2357 2358
432 181
432 475
432 427
432 186
432 188
432 189
432 190
432 191
1213 500
1213 503
1213 505
1213 1208
1213 1209
1213 508
1213 509
1213 510
1213 511
1213 515
1213 1895
289 355
289 357
289 220
2359 31
2359 34
2360 2249
2360 1315
2360 2361
2362 11
2022 687
239 229
239 204
239 1071
239 235
239 2363
239 2364
239 2365
239 240
239 241
2366 78
2366 84
2366 85
2041 2068
2041 1612
2041 1611
2367 2368
2369 849
1234 24
1234 650
1234 651
1234 652
1234 30
2370 548
2370 550
2370 551
2371 56
2371 819
2372 41
2372 56
2372 1893
2372 208
2372 2373
885 55
885 3
885 18
885 1495
885 1469
885 64
885 942
721 389
721 804
721 402
721 809
721 688
721 406
721 407
721 411
721 412
721 810
2374 130
2374 46
2374 590
2374 657
2374 744
2374 660
2374 2375
2374 670
406 1612
406 763
406 396
406 398
406 402
406 688
406 405
406 407
406 408
406 943
406 411
2376 3
2376 64
256 8
256 831
256 11
256 319
256 321
256 2358
407 405
407 2377
2378 137
2379 222
1164 8
1164 1160
1164 27
1164 483
1164 1165
2380 222
2380 2381
2380 57
2380 915
2380 560
2380 1436
2380 1036
2382 1630
684 2383
2384 730
2384 2385
2384 297
706 992
706 657
706 18
966 1612
966 2386
966 2387
966 963
966 294
966 964
966 965
670 658
670 1138
670 975
670 667
670 748
670 668
670 669
2388 484
2388 911
2389 869
2390 1114
1561 2186
1561 1789
1561 1571
1561 601
1561 1790
1561 2391
1561 605
2392 911
2392 358
2392 289
1196 271
1196 1240
98 251
98 1394
98 2393
98 1850
98 107
98 30
98 2346
2195 697
576 2092
583 249
2394 2395
2394 2396
2397 2398
408 687
408 402
408 409
408 943
408 411
408 412
409 402
409 406
409 407
409 943
409 411
409 412
2399 295
2400 1324
2401 18
301 2402
301 294
301 296
301 297
301 300
301 302
190 124
190 186
190 1274
190 188
2403 911
2403 57
2403 436
2404 264
257 114
257 8
257 361
257 3
257 1079
257 435
257 2405
257 1944
257 380
257 18
257 1809
257 138
257 1613
257 149
257 283
65 1305
65 1651
65 1754
65 788
2406 580
2406 1211
464 459
464 460
1757 424
1757 2306
1757 849
2391 2186
2391 593
2391 1571
2391 1560
2391 601
2391 1790
347 345
347 346
2407 106
2407 859
2407 107
66 92
66 116
66 3
66 212
66 56
66 419
66 61
66 67
66 2408
2409 1331
1536 2410
1536 2411
1536 2412
2413 8
2413 162
2414 57
2414 583
954 304
954 305
954 456
954 457
954 546
954 929
954 953
954 236
954 465
2415 1695
2415 55
2415 204
2415 2416
2417 376
2417 128
2417 350
2417 38
2418 533
2055 1875
2055 1640
2055 612
2055 1641
2419 207
2419 2420
2419 137
2419 2220
2421 297
2422 687
2423 706
2424 2425
1045 1040
1045 301
2426 203
112 434
112 438
112 2427
2428 2429
2428 2430
2428 2431
2153 975
2153 2432
2153 128
2153 2433
2153 300
67 337
67 96
67 18
67 298
2434 18
1765 11
1765 106
1765 107
1238 124
1238 2161
1238 1551
1238 2333
1238 1396
1820 2435
2436 3
2436 1365
2437 317
2437 1301
2438 2184
1824 1823
1824 106
1824 107
2439 2093
2439 64
332 325
332 2440
332 326
332 328
332 329
332 331
2408 2199
2280 2441
1554 3
1554 2442
2443 2444
2445 363
2445 128
2445 366
2445 367
2445 369
1653 2446
1653 1786
1653 1000
2154 1521
1057 567
1057 59
1057 2447
1057 1397
1057 605
2448 1835
2448 578
2448 3
2448 56
2448 2449
2448 1905
2448 580
2448 106
2229 1407
1197 1596
441 3
441 2450
738 154
2451 3
2451 278
2452 2453
2452 2454
2455 2456
2455 1004
2457 497
517 1493
2458 128
2458 18
2458 2021
2458 1744
2458 2022
2144 156
584 56
465 2459
1890 1570
2460 270
2460 430
2461 1573
2461 236
2462 8
2462 545
2462 394
2462 836
943 389
943 411
943 412
1165 1159
1165 1161
1165 329
1165 331
2463 762
2463 1028
2463 290
605 41
605 705
605 591
605 1262
605 2464
605 1772
605 1560
605 1963
605 601
605 2465
605 2238
605 2466
605 2391
605 2467
2468 590
2468 744
302 294
302 297
1833 671
1833 799
1833 657
1833 3
1833 1918
1833 96
1833 579
1833 64
348 9
348 341
348 343
348 1512
348 1217
348 1030
348 344
348 345
2061 340
2061 376
2061 392
2061 402
2061 2060
2061 411
263 2469
2470 1454
2471 53
2471 976
2471 2472
2471 895
2473 2110
240 229
240 235
240 237
240 241
1989 2474
2475 115
2475 56
2475 486
2475 61
2476 1091
2476 1092
2476 357
2476 1093
191 630
191 427
191 183
191 44
191 186
191 188
191 189
191 190
2102 1376
2102 2101
1020 78
1020 84
1020 3
1020 86
1020 87
1020 1018
750 752
750 656
750 658
750 659
750 667
750 1102
750 668
750 669
750 670
411 402
411 412
2477 1071
2477 2478
2479 812
2480 812
2480 337
2480 236
2480 379
2481 2482
2483 445
2483 399
2483 404
2013 113
2013 522
2013 114
2013 8
2013 154
2013 265
2013 547
2013 552
2013 2484
2013 53
2013 54
2013 55
2013 709
2013 757
2013 1687
2013 2485
2013 2486
2013 11
2013 56
2013 1621
2013 710
2013 1918
2013 878
2013 2299
2013 1124
2013 236
2013 58
2013 59
2013 1537
2013 1547
2013 939
2013 2487
2013 295
2013 96
2013 1010
2013 579
2013 17
2013 18
2013 580
2013 1495
2013 2192
2013 61
2013 138
2013 582
2013 921
2013 63
2013 402
2013 403
2013 713
2013 1005
2013 440
2013 1575
2013 2349
2013 714
2013 64
2013 65
2013 1614
2013 67
2013 263
2013 68
283 114
283 3
283 252
884 522
884 436
884 22
241 203
241 229
241 204
241 230
241 235
241 236
241 446
68 376
68 2134
68 2133
68 1437
68 869
2488 2489
2488 975
2488 205
2488 236
2488 976
2488 1852
2488 895
2488 172
2488 65
532 568
532 528
532 2490
532 578
532 1900
532 529
532 11
532 1331
532 1350
532 567
532 644
532 236
532 939
532 641
532 18
532 133
532 282
532 440
532 2349
532 301
532 1757
532 67
532 283
1198 55
1198 725
1198 1687
1198 318
1198 1041
1198 711
1198 1688
1198 97
1198 403
1198 2345
1198 2491
1198 98
1198 1045
1198 2346
220 271
220 1240
220 1268
220 354
220 1602
220 357
220 1459
220 1198
2492 2493
2492 1133
2492 57
2492 2494
810 406
23 480
52 1205
52 2149
534 38
78 1244
121 291
121 682
121 51
121 301
121 2495
114 2485
114 1233
114 2496
8 55
8 1124
8 321
8 2419
163 631
163 1269
163 1198
199 2074
222 914
222 915
222 1435
222 1436
222 1437
9 2497
142 592
142 859
142 2497
1695 2498
1695 2495
271 1240
271 1269
271 1198
2279 292
2279 1286
2279 137
2279 976
2279 297
2279 298
2279 299
2279 65
2279 517
2279 2495
2499 1105
2499 2500
313 135
2501 56
82 1602
892 251
892 2502
892 894
892 38
1195 1461
812 1998
2303 2182
2303 38
2503 2495
1088 1091
1088 1092
305 953
305 306
2504 1318
2233 2505
2233 2487
2233 537
2440 2506
2440 61
480 44
494 2507
70 423
527 56
527 1575
533 150
2508 2509
2510 1033
2510 1036
54 135
54 2511
54 65
1472 1473
1472 1474
1472 1394
1472 1475
1472 1737
1472 941
1472 107
1472 1477
1472 1399
1472 1480
2512 1683
2512 921
2512 2495
2513 1728
2513 2514
2513 2515
620 2516
620 1033
620 1742
1105 654
1105 135
1105 953
1105 2339
682 1211
1318 1010
1318 2517
725 728
709 2419
716 2495
2518 1268
2518 219
761 1028
1473 1305
1473 107
1473 1477
766 2238
789 1534
789 1588
789 1536
789 2412
789 1592
590 2519
2520 534
2520 1200
2520 55
2520 1953
2520 582
2520 1211
2520 1469
2520 885
277 137
277 17
2521 2522
2523 2495
2524 2525
2526 1297
1193 1585
1193 2527
2528 61
2529 677
2529 301
873 168
873 2530
873 2531
93 55
93 1211
798 985
798 135
798 2522
798 51
798 604
798 2532
917 1205
2533 500
2533 503
2533 505
2533 507
2533 1864
2533 1660
2533 509
2533 2174
2533 1213
2533 516
2533 2061
1966 297
1966 2534
1966 38
1966 1070
1966 2495
907 570
907 573
907 574
907 517
2535 1231
2535 895
2535 298
2535 2495
780 2536
780 2537
780 554
780 380
780 298
2538 2511
2538 2539
970 136
970 2496
970 255
686 2025
1474 2540
1474 1473
1474 1475
1474 1506
1474 2541
1474 941
1474 133
1474 1477
1474 403
1474 1507
1474 1481
1474 943
1474 942
1474 810
781 250
781 405
1021 596
505 503
505 506
505 508
505 516
505 2495
657 1367
657 746
657 1004
1239 631
1239 1240
1239 634
1239 1198
212 107
212 2542
621 624
621 1036
985 2525
985 604
1240 1241
693 692
693 1091
693 1092
693 699
2543 2526
2543 2544
2543 38
2545 2546
2547 2548
759 760
2138 555
2549 55
2549 709
2549 1394
2549 1674
2549 2517
2549 2550
2551 2365
659 2552
659 2553
659 2554
659 2555
659 55
659 83
659 872
659 2556
659 1069
659 2557
659 660
659 1305
659 2558
659 745
659 746
659 2559
659 1933
659 1598
659 1752
659 2560
659 678
659 436
659 2561
659 2562
659 667
659 2563
659 2546
659 2564
659 921
659 2565
659 2566
659 669
659 670
659 2515
659 2567
293 2502
2568 55
2568 162
2568 137
2568 582
2568 859
1170 436
1170 2080
1293 1244
661 1738
661 2569
1303 848
2570 915
2570 1437
2420 1998
2420 537
663 746
619 871
619 2571
855 859
929 298
1372 1211
444 447
878 869
878 411
2267 106
2267 107
2267 2442
535 51
1836 2511
2044 537
2044 1504
1316 1070
259 859
350 23
350 715
350 811
350 24
350 25
350 26
350 2572
350 664
350 379
350 483
350 2573
350 30
350 2574
1471 1507
834 1200
834 55
1190 252
1190 1737
1190 1191
1190 2575
1041 1875
695 895
1873 250
1873 2088
1873 2576
1873 595
1873 2577
1873 2072
1873 405
1873 1690
1873 2495
2578 930
1515 170
1515 502
1515 1109
1515 645
1515 1210
1515 1371
1515 515
234 1106
234 614
1875 1640
1875 1689
1875 1641
2579 107
1903 2511
746 658
746 664
746 667
746 38
746 668
746 670
953 304
953 2580
953 537
1557 55
1557 2281
2581 1269
2581 1091
2581 1092
2581 301
508 291
508 503
508 293
508 506
508 1841
508 1830
508 133
508 2463
508 2495
2582 212
2582 1130
2582 1660
2582 2583
2582 895
2582 2542
2582 517
2582 1989
143 528
143 2584
143 61
1571 1790
1571 605
664 2585
664 2586
664 2587
664 2588
617 299
1585 1200
1588 1123
1307 2182
1307 1578
2589 816
711 55
1615 2590
1620 356
2393 1637
2393 2024
119 2591
2592 918
1042 1040
131 1601
1654 895
44 947
2593 56
2593 61
2594 2595
2594 1237
2594 1351
666 1131
1734 1735
595 2596
2597 2182
2598 212
2598 2599
2598 1841
2598 976
2598 298
2598 1539
2598 1717
2598 2542
2598 1989
2598 2495
2600 69
2600 70
2600 72
2601 2057
2601 257
2602 569
2602 2103
939 821
1737 93
1737 579
1737 1211
1737 2603
1737 2604
1737 2605
2606 2536
2606 212
2606 298
2606 2542
2606 2495
1402 550
1402 2607
27 1165
1183 472
1183 116
1183 155
1183 1022
1183 61
1772 1302
2608 2088
2608 1542
2608 2072
2609 97
1146 1147
2610 517
436 554
368 2611
1822 106
2612 1753
2612 173
419 485
419 654
419 486
419 487
419 61
419 2613
1291 199
1291 2074
86 1244
86 87
1127 500
1127 503
2614 203
1791 2615
1791 298
1791 517
945 537
2616 350
2616 455
1807 162
1807 38
1807 2495
1435 914
1435 915
1435 1436
823 1632
823 2569
823 1340
1850 351
1657 1265
1882 1472
1882 1476
1882 1477
596 1419
1396 2617
1396 219
1396 2618
1396 2469
964 171
964 963
964 2525
2583 377
2583 2491
1091 699
378 654
378 2619
378 1258
1953 2620
1957 195
1957 1908
1957 38
2621 946
2622 2623
1191 227
1191 235
1191 2624
1191 447
1191 237
1191 239
2217 976
2217 895
2217 652
2625 2626
28 3
28 1026
28 879
28 555
28 1998
28 156
2627 2511
2627 156
380 38
1092 699
1436 914
1436 915
1436 1437
2628 1091
357 271
357 692
357 1217
357 697
580 1211
2629 2630
2629 2527
826 2631
2502 2495
965 2632
965 963
1672 979
1672 1419
2633 1033
2633 624
2633 626
482 2325
941 134
941 1211
2634 253
2635 2515
537 150
2636 264
1242 1240
1242 323
1242 1269
1242 1155
1171 2637
29 879
2638 1732
359 1602
2639 106
2639 107
550 2255
51 1264
51 1455
51 2569
51 2640
51 1243
51 492
51 538
51 1266
51 150
51 540
51 68
1329 2226
1558 460
1558 463
2469 2641
2469 2511
2469 2642
2643 250
2644 2645
836 55
836 135
2283 2646
1788 38
2647 2648
2649 2182
2649 537
2149 885
2650 44
1984 2561
582 53
582 2569
582 1211
463 953
327 2651
2652 74
859 2653
859 908
859 2192
1362 1873
921 549
921 551
921 2255
921 1614
1012 2654
1012 1013
2375 500
2215 2485
2215 44
2215 253
2215 51
2215 2497
2216 1265
2216 879
2216 2215
2216 2497
2243 61
1330 1328
2226 1328
2226 2102
1243 1477
1243 1479
1340 38
402 1866
402 808
402 809
402 688
402 943
402 412
402 810
1591 74
1636 2655
1636 2444
1636 537
1163 418
1163 2415
551 1440
2497 1440
38 411
1477 2182
1477 1475
1477 1905
1477 2175
2656 250
300 56
300 350
300 61
2281 55
2281 1495
1587 72
2657 260
1740 582
329 2089
329 326
329 418
329 2658
329 331
809 389
809 403
809 943
809 411
809 412
237 456
237 518
237 639
1478 1473
2659 55
2659 1495
1064 830
1064 55
1064 709
1064 293
1064 1394
1064 1016
1064 1061
1064 1674
1064 613
1064 97
1064 614
1064 615
1064 2149
1064 821
1064 98
1064 301
1064 441
1064 517
330 107
139 823
139 61
2660 1906
2660 2661
2660 130
2660 2343
2660 204
2660 2662
2660 116
2660 212
2660 1233
2660 848
2660 2663
2660 135
2660 1538
2660 71
2660 1950
2660 554
2660 801
2660 377
2660 436
2660 2664
2660 2583
2660 976
2660 1970
2660 1988
2660 895
2660 51
2660 298
2660 2527
2660 2172
2660 2542
2660 2397
2660 2665
2660 1238
2660 517
2660 1987
2666 2569
2667 2495
2338 2337
2338 2525
2338 2668
2338 862
869 55
869 2583
1507 2585
1507 2669
1507 1481
538 44
1750 1749
1750 183
1750 184
2670 2671
2670 492
2339 953
2672 2540
2672 291
2672 135
2672 44
2672 299
2673 55
2673 664
2673 582
2673 1211
2344 1952
1781 1577
1781 38
1781 1783
1812 895
2674 2020
2674 2527
2674 2675
2676 2677
2268 2579
2268 1419
688 2511
688 2678
688 411
688 412
688 810
2542 38
2352 537
2352 1012
2679 848
2679 582
1552 2657
432 2680
432 2681
432 2682
2366 438
2366 1504
1234 250
1234 410
885 1394
885 1917
885 579
885 2481
406 400
406 188
406 412
407 400
2683 2569
2684 1633
2685 2686
2685 2687
2688 436
2033 855
2689 1621
2690 203
2690 344
2691 758
2692 293
2692 133
2692 134
301 293
2693 716
778 252
257 298
2515 2585
2515 2514
2694 436
2695 298
2695 301
2695 2495
717 258
2696 265
2697 496
410 115
410 396
410 398
410 400
410 405
410 30
410 412
331 325
699 690
699 250
699 1093
699 301
2698 654
2698 1627
2698 65
2605 55
2605 2485
2605 137
2605 17
2605 133
2605 1211
2605 2423
2605 2495
728 537
728 208
728 727
2463 761
2463 1025
2463 2419
587 586
2475 2569
2475 298
1020 2495
411 2537
411 810
303 250
303 2699
303 2602
303 2700
303 2701
303 18
303 2103
303 2495
2702 1091
2702 699
2703 2704
2703 49
2263 1846
2263 611
2263 757
2263 155
2263 1038
2263 1123
2263 2705
2263 736
2263 2706
1013 1627
220 1197
1304 2494
1304 2707
412 405
