68
69
68
68
95
37
172
999
381
44
217
117
999
287
999
117
999
999
999
999
999
110
129
174
154
133
174
999
57
13
999
124
151
85
999
192
999
999
999
999
217
145
161
999
999
999
999
999
999
999
999
999
50
217
109
217
999
98
81
154
999
96
999
62
999
98
174
174
999
999
86
174
999
999
999
999
999
67
999
33
999
999
999
999
999
113
999
999
999
999
999
999
32
46
999
2
999
999
999
999
999
211
69
999
999
999
195
999
999
999
999
280
999
50
50
999
999
999
999
999
999
999
999
999
999
999
999
999
69
999
999
999
290
999
174
290
999
999
157
999
999
999
60
999
999
999
999
999
999
999
999
999
169
33
117
382
999
174
999
146
320
999
136
999
174
227
292
174
18
117
131
999
85
999
196
999
2
999
172
174
95
999
231
28
999
999
999
999
999
14
999
999
999
999
999
423
174
999
157
91
999
999
999
13
226
999
999
999
154
2
214
110
217
999
999
999
999
999
999
73
999
999
211
999
5
999
117
109
62
999
999
999
86
999
999
999
999
58
999
346
422
999
174
38
157
999
999
999
999
999
211
35
999
999
999
999
999
999
999
999
398
999
64
999
174
213
999
999
121
205
999
999
999
1
999
302
999
999
999
999
999
999
999
999
86
999
357
999
45
999
109
999
999
999
999
999
999
999
999
174
999
999
999
999
999
108
174
999
999
999
999
226
999
160
174
999
999
999
999
999
999
999
174
117
24
153
999
999
999
999
999
117
999
999
90
999
999
999
59
999
174
999
999
999
999
999
999
999
999
999
174
999
16
999
133
999
999
109
186
117
999
999
999
999
999
999
999
217
82
211
999
2
999
999
2
155
61
55
999
999
133
38
159
999
999
217
159
74
999
999
174
999
999
207
999
999
999
999
999
999
999
233
30
6
174
174
70
347
999
21
999
105
999
999
141
174
999
315
999
64
999
999
999
15
174
153
999
999
49
999
999
2
14
999
174
2
287
999
999
999
999
210
12
999
999
141
999
93
174
999
13
999
999
81
174
999
999
117
999
999
311
109
14
69
999
999
287
123
999
999
124
999
999
999
347
174
157
999
999
999
999
999
235
136
398
108
999
45
999
999
103
999
999
999
999
999
999
999
999
999
182
999
208
62
133
999
999
999
999
999
174
174
223
78
999
999
999
999
61
2
382
174
999
55
999
999
205
231
182
999
6
999
999
213
157
174
187
999
999
999
81
999
999
115
999
35
999
83
174
2
999
999
999
999
999
109
999
999
999
239
999
999
999
117
999
0
999
999
999
117
91
999
999
999
999
18
117
999
999
423
999
116
79
999
999
217
46
151
999
86
999
174
117
12
999
999
999
999
108
50
999
217
150
999
999
123
999
234
35
999
999
174
133
999
999
999
999
999
999
999
999
999
999
999
999
999
999
999
329
153
88
105
999
117
69
999
999
151
999
999
211
999
91
999
999
131
999
999
999
999
2
999
999
999
999
999
999
999
999
85
999
999
382
157
999
185
999
999
999
999
999
69
174
999
999
174
133
173
292
109
999
312
117
141
347
201
160
999
174
35
999
999
999
174
999
80
114
999
141
169
999
160
999
133
999
999
999
999
116
174
999
999
127
217
35
73
80
160
999
999
73
223
114
62
999
999
127
999
999
999
999
999
999
999
999
999
999
67
999
999
999
999
103
20
999
999
999
999
174
999
999
117
999
136
999
999
67
62
234
179
999
999
174
174
999
254
174
29
53
999
113
999
999
999
999
999
999
999
999
999
174
999
18
999
999
140
157
112
139
85
999
999
211
167
999
80
159
999
999
174
276
999
999
999
999
999
999
999
999
999
999
174
14
999
999
999
999
999
999
999
117
999
71
999
999
999
999
999
229
160
315
999
317
140
182
999
999
999
174
999
46
133
46
347
206
157
999
999
999
999
226
10
999
2
174
174
999
999
78
999
999
999
999
351
174
94
278
999
89
999
231
999
122
999
999
179
151
999
157
146
999
58
211
999
999
999
999
999
999
82
2
999
999
999
0
999
999
51
20
999
999
117
999
999
999
380
111
999
117
999
999
999
999
999
999
999
999
999
47
999
141
999
999
174
999
217
999
217
219
67
999
2
59
999
999
999
133
999
174
141
999
2
113
999
999
999
347
999
11
103
999
999
211
999
999
174
999
999
999
999
150
141
170
999
999
999
999
382
999
84
999
999
210
999
999
999
347
184
49
85
245
999
999
999
999
999
999
421
999
117
62
80
2
999
999
999
240
97
999
14
999
999
217
211
999
41
22
999
999
999
999
999
999
999
47
174
174
999
999
999
999
999
68
174
287
999
999
124
62
999
32
239
128
247
999
14
113
999
999
999
103
999
999
18
999
96
347
2
999
239
421
88
999
999
2
999
299
999
174
999
999
999
28
999
999
999
24
43
999
81
999
999
999
95
375
999
999
174
59
259
999
108
999
999
133
999
999
999
999
999
999
45
999
157
20
999
109
42
174
326
999
193
262
999
174
211
999
13
84
999
239
999
174
47
122
999
999
999
999
174
999
140
999
130
999
999
25
999
999
999
999
999
999
153
160
999
166
174
35
32
999
999
999
999
999
45
131
71
138
999
133
999
999
58
153
999
999
999
999
70
999
999
999
999
174
347
999
74
999
999
999
141
999
999
39
999
52
999
174
94
999
999
999
116
140
284
999
999
999
117
999
999
174
999
174
999
999
999
999
174
225
999
174
999
999
999
999
174
999
119
999
205
999
999
129
160
999
999
999
999
44
163
74
999
999
999
125
999
347
999
999
174
999
110
999
999
174
259
999
999
999
211
999
999
999
217
999
7
999
154
999
160
999
999
153
999
14
174
999
177
45
999
412
999
117
999
999
999
259
116
999
999
999
999
108
999
999
174
999
999
42
60
217
174
999
999
999
86
999
999
999
10
999
999
91
999
174
174
999
999
999
999
113
39
999
999
147
157
2
999
999
174
999
164
284
999
109
999
999
999
999
316
252
283
999
302
203
999
999
999
999
999
999
999
999
999
129
999
999
999
999
210
43
999
999
82
2
9
109
11
117
999
999
999
2
999
999
14
174
999
999
157
38
347
999
999
18
999
88
229
311
999
999
999
999
999
999
317
193
999
124
68
999
46
999
999
999
59
999
999
999
999
174
999
143
12
91
86
999
999
999
999
999
999
999
999
999
999
999
159
109
148
174
999
174
999
198
104
2
999
999
999
999
999
140
103
999
17
174
93
352
12
999
999
999
98
71
133
23
376
999
999
347
47
2
999
125
136
999
317
48
999
174
999
217
999
999
62
82
999
999
117
999
62
999
999
999
174
999
999
373
999
999
999
999
999
999
174
313
999
999
999
999
999
170
999
999
43
91
999
999
125
999
999
999
9
999
145
999
205
20
327
999
999
174
174
999
999
999
158
999
999
999
174
999
119
64
999
999
999
999
999
174
999
999
999
999
999
999
49
64
43
174
999
999
999
999
119
40
91
38
316
999
146
999
999
999
999
234
108
999
117
999
163
2
999
151
202
999
405
999
999
133
174
69
119
999
999
347
999
131
999
999
999
999
999
999
406
999
999
109
999
999
999
157
38
350
999
2
999
101
999
999
36
85
999
999
999
133
174
49
100
999
999
46
157
999
110
174
999
40
999
999
999
999
999
999
999
96
999
999
999
7
105
999
110
999
119
17
90
93
999
174
999
999
9
999
259
999
999
999
999
279
999
8
999
999
34
316
385
161
999
999
387
174
999
999
999
999
223
174
999
168
999
999
999
999
86
999
999
50
86
999
170
43
35
999
999
46
133
172
999
999
999
999
217
999
999
999
278
381
999
174
2
999
999
999
999
999
109
999
999
999
174
999
43
999
999
217
36
127
999
999
324
999
86
999
999
217
999
117
999
999
999
999
999
999
211
129
999
999
999
217
219
283
999
34
2
62
161
999
999
999
151
174
999
999
2
999
999
999
999
999
999
174
999
157
37
999
999
999
999
999
999
18
119
999
999
112
999
999
206
174
174
999
999
999
999
999
155
999
999
20
999
89
999
999
49
13
111
999
999
999
999
174
160
160
2
999
999
999
65
306
999
999
999
999
999
999
999
300
174
999
999
999
999
999
999
999
999
999
88
174
184
999
999
129
174
159
999
151
999
999
999
999
107
168
999
999
69
999
999
999
999
999
999
999
999
999
999
999
278
108
133
999
109
59
999
999
174
174
999
999
373
999
46
999
109
999
999
174
24
999
999
347
999
999
999
999
999
227
81
999
999
999
999
999
131
252
217
174
999
999
999
37
247
999
999
174
999
999
405
210
999
238
999
999
999
38
8
999
174
217
999
28
174
999
999
398
999
999
283
999
999
999
999
124
999
999
276
45
347
182
999
999
217
999
98
999
159
208
999
70
104
8
999
239
999
239
999
999
35
111
140
20
178
999
117
393
999
5
46
999
105
174
999
17
280
999
999
111
999
217
999
999
999
999
999
999
999
999
235
999
999
999
999
999
194
194
46
999
999
999
117
28
999
999
161
42
150
999
86
317
999
406
302
45
999
999
999
109
174
130
999
999
999
999
999
999
183
110
999
85
999
999
999
174
46
999
112
999
999
999
167
103
999
347
999
999
999
999
331
130
999
999
999
999
127
999
999
306
129
86
13
999
42
999
52
999
999
999
174
999
35
185
174
380
37
999
999
999
117
999
159
174
999
999
347
999
174
30
2
999
999
347
999
999
162
999
86
999
114
160
999
237
167
252
140
999
999
999
999
999
174
316
174
999
999
999
999
999
16
50
999
999
999
31
94
122
999
999
317
259
999
999
999
169
999
999
174
42
174
999
109
186
999
999
88
999
999
999
999
999
999
999
999
148
198
999
117
91
999
174
174
251
109
999
999
999
999
174
93
999
20
10
999
999
999
999
2
999
999
999
174
999
999
999
85
347
999
209
999
999
999
12
398
999
999
154
999
2
999
999
211
999
109
167
185
174
999
999
60
999
278
999
999
999
999
999
123
14
999
999
999
999
117
2
999
999
151
999
999
999
999
30
999
999
93
999
225
999
211
157
999
999
174
174
999
999
999
174
999
999
999
117
999
999
999
999
14
999
144
999
999
999
127
999
999
999
276
174
999
211
999
999
999
999
999
117
86
999
305
999
999
186
999
146
999
174
161
999
999
999
999
300
174
999
999
311
235
150
999
999
999
999
211
166
999
239
62
116
174
999
999
999
999
999
999
999
999
999
999
999
287
999
117
217
133
999
999
127
999
11
999
999
45
999
999
999
999
2
112
999
999
11
67
999
999
125
999
133
127
153
174
999
103
999
999
174
999
46
999
168
103
999
95
999
347
35
141
999
109
239
999
999
999
999
999
303
999
157
210
999
999
140
174
157
999
174
999
174
999
999
999
109
999
999
999
100
133
999
999
45
91
999
999
91
999
999
999
43
999
999
999
117
999
2
174
85
168
999
112
999
999
999
999
999
999
999
999
999
999
999
999
373
999
999
4
999
999
174
999
159
999
999
110
999
999
74
91
999
999
999
999
999
999
96
999
167
999
23
70
999
999
999
999
284
405
236
999
95
999
131
347
178
306
14
999
27
999
16
999
999
999
999
999
999
999
999
174
999
396
999
124
999
214
999
396
999
174
999
999
999
174
227
85
347
174
999
999
999
174
999
113
999
999
999
999
999
279
999
115
30
999
999
107
121
999
999
999
9
10
999
999
999
999
999
124
174
999
999
999
127
999
112
999
999
999
999
392
13
999
119
999
999
133
999
999
999
999
999
91
5
15
999
119
999
999
999
999
167
999
131
51
999
254
999
999
999
240
999
117
999
999
999
999
117
105
174
140
357
122
999
151
141
999
999
13
999
999
999
86
999
174
999
999
25
174
286
999
999
999
36
999
64
157
999
999
67
999
69
95
999
172
172
999
49
999
999
999
217
217
999
238
217
999
234
117
999
252
55
141
217
999
217
999
117
999
999
999
999
217
59
217
999
252
252
999
999
30
999
999
174
999
999
172
999
129
999
999
57
999
28
163
999
112
192
999
999
999
999
174
999
999
145
161
78
999
999
999
999
999
999
999
999
217
999
999
999
98
999
999
999
999
71
999
999
999
999
999
174
157
999
999
999
999
999
999
