565 894 
273 
95 176 209 3601 371 374 431 435 3079 519 549 3026 3608 3472 650 3008 853 890 931 941 992 1047 1054 1308 1346 1354 1418 1444 2828 1554 1588 1693 3265 1737 1747 1797 3756 3267 2081 3528 2169 2190 2216 3560 2330 4250 2406 
4454 
2427 
224 1960 2552 
403 530 
1247 1622 
1644 1909 1944 
1347 1495 1635 2520 
851 1291 2164 2521 
948 1349 2322 2334 
442 593 1395 4450 1431 2184 2989 
29 203 450 1107 2844 1788 2053 2540 2587 2848 
189 203 432 462 812 999 1035 1256 1357 2210 2249 2466 4012 2540 
423 2553 
352 4451 2111 2470 
1427 1628 1966 
168 575 782 1043 1366 1764 3290 
2766 
743 898 1094 1500 1782 1954 2163 
409 3064 
1006 3064 
1438 2450 3865 
324 1066 1871 
1126 2596 
894 
2726 2468 
183 3192 4084 1062 2789 3678 2662 1914 1994 3771 4060 2887 2921 
767 3356 
402 2953 4448 2080 2957 2224 2764 3365 2512 2649 
2116 3294 
92 1030 1139 2727 
79 153 
1647 1736 
251 545 608 689 714 1138 1675 1951 2063 2358 
1593 1709 2602 
5 403 530 1757 1894 2067 4120 
243 381 1362 1540 1585 2722 1908 3801 
1174 1303 
1538 3909 1610 
1005 
1097 1280 1998 2055 2130 3693 3694 2803 4346 
1067 1342 1487 1531 1674 1705 4200 3831 2400 
9 1220 
288 487 3717 3526 1091 1145 1260 3754 1930 2006 3132 2325 2392 
93 4164 586 840 842 1383 1604 1678 1865 1961 1989 2027 2350 
918 1014 1113 1443 
842 918 1383 1443 1450 1989 
428 978 2616 1529 1600 1787 
52 113 114 2966 599 3909 1670 2112 2742 
897 2563 
1176 2057 
768 2938 3357 

377 523 2630 
3047 
28 2660 
237 881 894 1153 4212 
338 932 1078 1387 1856 4039 2642 
142 1281 4074 2201 
142 376 518 1281 4074 2201 
63 142 228 503 723 757 990 1028 1281 1457 1463 2845 3877 1738 2876 4074 2201 2299 2780 
503 723 1457 2299 
63 142 228 262 419 757 1028 1281 1463 1516 1530 1738 2876 4074 2201 3878 2780 2604 
1801 4090 
3916 2769 2770 2771 
77 737 756 929 2793 2335 2608 
0 2 3 3251 1022 1381 4311 3578 
1 102 128 463 634 2732 671 1564 1839 2610 4014 3441 
406 1159 2770 1942 3724 3425 2451 3077 
822 1147 2694 1436 
3332 
219 715 720 
3926 387 3470 1167 1222 3791 4149 3585 2438 3505 
435 519 650 890 2330 
435 519 3026 650 890 1354 1554 3265 3267 3560 4250 
435 519 650 1354 
513 2676 858 2772 
582 3924 
695 716 795 991 3316 3317 
58 453 540 1069 1881 
368 3027 889 1345 1458 
547 3188 
969 1108 
33 172 659 789 979 1594 2022 2177 2869 2408 2495 2898 
70 232 284 589 1287 1397 1667 1671 1715 2001 2052 2089 2269 2591 
4494 2847 
630 1051 1368 1821 2137 
2996 3926 3332 868 1167 3557 1784 3160 3823 3728 3289 
334 1629 
199 423 570 642 4504 1294 1396 1488 1539 2150 3206 2393 2396 3529 2439 2551 2553 3825 3369 3165 
1427 1628 1966 
199 447 3468 3862 1294 1429 1630 3093 2150 2161 2227 2838 2393 2396 3369 3165 4378 
865 1179 2117 
4 180 2611 1073 2355 2460 
61 1045 1618 2446 
997 3645 
57 65 865 1435 4190 1937 2689 
65 4190 2689 
1601 2388 
1590 4037 
4362 2907 
490 742 949 1040 1425 4521 2034 2345 2353 
1417 3860 3987 1943 
411 631 1623 1963 2577 
631 3237 
1835 2515 
305 485 598 1081 1274 1549 1852 
54 227 243 290 357 381 461 555 679 1096 1316 1348 3568 1410 1580 1699 1855 1867 1908 2010 2133 2155 2195 2361 2384 
21 211 1233 1607 1625 2020 2435 
906 1789 1952 1970 
70 92 284 787 2949 1715 1768 2029 2665 2727 2331 2411 3707 2534 
85 770 942 1036 1302 2052 2503 2591 
696 722 1671 2091 
543 1287 2089 2511 
581 708 1183 1269 2300 2805 
4 11 15 57 61 65 4413 154 2950 169 180 226 3221 323 331 352 359 402 423 457 563 569 576 581 592 633 2883 642 3387 2611 682 4451 708 4504 751 767 820 865 2913 901 908 2914 989 2627 1045 3209 4362 1073 2875 1179 1183 1189 1264 1269 1350 2953 2823 1396 1435 1461 1551 1590 1601 1618 2636 4037 4519 1720 4190 3215 1937 1957 3216 3023 1993 4448 3737 2071 2080 2689 3749 2111 2117 2957 2149 3388 3423 2215 2224 2244 2764 2268 2300 2315 4334 2355 2388 2404 4343 2446 3356 2460 3218 2470 4421 2907 3365 2512 2805 2649 2553 2895 3825 2571 2576 4252 
908 1264 1269 1461 2877 4220 2404 2649 
4372 4083 1030 1139 1209 1515 1537 1565 1627 1765 3583 2542 2555 
4372 1515 1537 3583 
268 2906 4498 2516 
872 942 3155 1114 2859 2118 2861 2581 
3515 467 605 3230 3088 3968 2209 4418 
31 3934 470 1027 1380 1787 1926 2483 2527 3117 
1226 1446 1491 2338 2863 
2338 2863 
712 726 1710 2047 2255 2320 2341 2532 
1032 2712 
22 1214 1336 1728 1736 1826 2051 2657 
650 1123 2012 2042 
170 645 1146 1570 1887 2462 2562 
1570 1887 2562 
25 170 232 284 354 380 504 589 612 645 650 676 703 770 787 789 841 936 969 1084 1108 1123 1146 1150 1397 4129 1437 1538 3264 1562 1570 3909 1598 1610 1667 1679 1715 1853 1887 2012 2022 2042 2269 2317 2340 2389 2462 2521 2840 3501 2545 2562 
789 1397 2022 2269 
170 612 
162 483 753 1222 1447 
1487 3831 
162 753 1148 1222 
788 4536 2723 
3836 785 833 3385 3563 1121 1184 1424 1953 2097 3348 2374 3497 2579 
414 445 683 698 2711 920 939 961 1171 2631 3020 2846 2359 3305 3576 2584 
262 4104 1463 3878 2604 
1394 
2137 2251 
41 1497 2674 
159 879 1543 4435 2276 2809 
3526 1306 
1411 3858 2146 2244 
419 1516 1530 
602 960 1999 2290 3217 
32 587 602 637 876 960 1556 1743 1830 1999 2219 3217 2583 
32 1556 1830 
325 425 629 1133 1154 1254 4363 3910 2965 3435 2815 2342 
24 59 208 1249 2188 2969 
375 1779 2939 
24 59 208 1249 2188 2969 
138 198 244 476 534 663 786 845 878 3098 3180 1093 2837 3457 3679 1307 1361 1584 1605 3291 1756 4040 2701 2232 2370 2376 3163 3061 2605 
1509 1693 4076 
382 386 796 1093 1409 3972 1509 1756 1828 1939 2073 2980 3034 3560 2432 3499 3279 
313 375 686 701 3148 717 829 1134 1215 1251 3121 3703 1795 1796 4394 2092 2188 2244 
42 2839 4265 1650 1739 1997 2279 2675 
2087 3289 
1221 1553 2663 
1313 1789 2665 
2899 
876 1136 2296 
793 3820 2033 2095 2196 2448 2560 
4459 793 4162 3820 1662 1836 2352 2409 
152 699 2033 2095 2126 2196 2448 
962 1136 1484 1673 2296 
962 1136 3321 
6 178 2613 1680 2655 2614 
677 2800 
6 23 24 26 59 66 67 71 2716 4419 3138 134 138 3461 152 157 164 167 178 179 3359 196 198 203 208 3923 219 3109 242 244 264 288 299 306 314 322 334 340 3371 350 375 382 386 390 3250 3332 3943 404 405 3623 411 415 424 434 4164 448 454 4082 3383 475 476 487 3469 510 511 521 2710 2959 534 535 3373 548 3239 3949 591 611 3471 631 4506 663 672 675 677 686 688 693 4224 701 3148 709 715 717 720 4503 3952 3717 748 2899 762 763 766 3698 780 786 793 796 799 811 829 838 845 3783 854 855 3537 864 876 878 3526 923 4087 3731 938 955 2931 962 3098 3153 3169 3482 3868 1015 1016 1023 3580 3180 1058 1077 1091 1093 2837 4169 1098 3555 3399 3457 1104 1112 1119 4170 1136 1137 1145 1164 3790 1178 3679 1192 1194 1199 1202 1207 3963 1215 4043 3047 1231 1236 3374 1249 1257 1260 3347 3121 1277 1283 1296 1297 1302 1307 1311 3048 1358 1361 1392 3970 4308 2954 1409 1412 1414 1428 1452 4242 3754 1467 4135 1477 4217 1484 2792 3552 1504 1505 1509 3697 1513 3820 1522 1532 1563 3976 2918 4429 4211 1584 1599 1605 2613 1608 1623 3979 1629 3407 3237 3031 1632 3814 3709 3895 1654 1660 1673 3224 3291 4088 4309 2713 4150 1692 1693 1703 3704 3925 3817 1744 2871 1754 1756 2652 3549 1768 1772 1773 1779 1794 1795 1801 2731 1811 1822 1827 1828 4090 3245 1859 1860 3995 1870 3766 1890 3918 1898 2897 1911 3842 3349 1915 3211 1930 4040 1939 2725 1963 1964 2006 2011 3414 2752 2026 4257 4247 4523 2061 2065 3650 3051 2700 2073 2074 2079 2701 3920 2980 3275 3377 2103 3805 2105 3624 2129 2131 3692 4348 2152 4038 2153 2160 2173 4468 3132 3419 2188 2829 2198 2969 3034 3424 2216 2232 2235 2236 2671 2240 4064 2260 3306 2278 2285 3307 2296 2301 4368 2325 4538 2343 2348 2800 2370 3489 2375 2376 2378 2380 3803 4044 2392 3379 2407 2430 2939 2753 2432 3655 4096 3643 2479 3288 3541 3380 2489 3673 2493 2497 3056 4213 2501 3163 4108 3381 3499 2528 2560 3061 2614 2775 2577 2578 3929 4076 4291 2593 2873 2597 2605 3279 
26 2716 134 3923 322 350 3250 510 709 838 3537 1023 1077 1112 1164 1207 1231 3048 4217 1504 1505 3976 2918 1632 3549 1822 3995 1890 3349 3211 2752 3051 2105 4348 2173 2348 2378 4044 3541 2560 
71 3359 196 264 306 334 3332 3383 548 3239 3949 4506 4503 938 3153 3169 1098 1137 3790 1202 1296 1452 1467 1563 4429 3979 1629 3031 1654 3842 4247 4523 3805 3692 2198 2235 2671 2240 3489 2375 3655 2493 4213 4108 
196 3949 4506 938 3169 1098 1137 3790 1202 1259 1563 4429 3031 4247 2240 2375 3655 2493 
1955 3828 2464 
176 759 875 2828 
423 642 4504 1396 2553 
176 1054 2828 2190 
500 528 834 2915 1932 
2019 3127 
977 1823 3618 
665 2064 2197 
358 2134 2274 
536 2274 
1183 2300 
581 708 1183 1269 2300 2805 
154 226 3221 563 576 581 682 708 2913 2914 989 1183 1269 1720 3737 2071 2300 4421 2805 
154 682 708 989 1269 
35 2666 
15 359 454 457 820 901 1101 1350 1378 3107 2244 2571 
2934 1987 1988 
106 2736 
174 2826 
1993 2215 2224 2764 
1416 1538 2147 
1416 2147 3344 
1416 2147 
685 3308 
592 1557 
611 1326 4096 
15 359 457 820 901 2875 1350 3423 2244 2571 
269 526 1211 1499 2877 4220 2804 2833 2907 
844 1771 
393 1771 
502 1940 3594 
2180 4409 
199 441 688 972 1294 1341 2792 1902 3830 2371 2393 2396 3165 
101 222 250 369 640 792 882 952 1003 1105 1241 2790 1727 2892 2193 2231 2262 2295 2872 2907 3644 
226 331 563 576 989 1189 3215 1957 3216 3023 2071 3218 2907 
265 533 3175 3179 
210 533 3340 3179 2864 2485 
210 3340 2864 2485 
3934 1027 1926 
10 40 53 55 212 224 3167 2912 269 338 367 385 526 4104 585 4441 601 2620 713 2621 4280 908 3292 925 927 932 2624 1002 1078 4310 1211 1245 1282 1387 1454 3025 1461 2632 1499 2634 1685 1708 1718 1732 3187 1856 4039 1889 1912 1935 1960 1972 3843 3581 2149 2641 2268 2316 2685 3311 3490 2804 2643 2833 2497 2907 3162 3225 2552 
368 889 1345 1458 
4233 928 1733 
1030 1139 
305 485 1274 1549 1852 
1348 1580 
512 721 3139 1659 
251 545 608 714 1675 1951 2358 
1200 2229 
204 311 467 605 850 3230 3088 3968 2209 4418 
165 2816 1880 2494 
3405 
828 3668 1369 
1438 3865 
182 527 870 2832 
2760 2763 
77 401 2608 
3598 607 758 3065 2626 2884 1548 2958 
482 582 3242 3924 1981 2289 
2458 3171 
785 833 3385 3563 1121 1184 1424 1953 2094 2097 3348 2374 3497 2579 
377 414 445 683 698 2711 920 2623 939 961 2631 3020 2846 1904 2359 3305 3576 2584 
15 3743 559 2913 1031 1049 1084 1110 3283 1902 3089 1946 1948 3524 2190 2298 2362 4531 
101 222 250 352 369 640 4451 792 952 996 1003 1105 1241 2790 1727 2892 2111 2193 2231 2262 2295 2872 2470 2569 3644 
199 441 688 972 4362 1294 1341 2792 3089 3830 2371 2393 2396 3165 
199 570 1294 1488 1539 2150 3206 2393 2396 3529 2439 2551 3369 3165 
3623 796 1093 1361 3972 1584 1756 1828 4040 3279 
2152 2301 
980 3067 
24 59 208 717 1249 1754 2188 2969 
1033 1895 3651 
1347 1495 2520 
716 991 3316 
40 212 713 1282 1708 3162 
95 423 642 4504 1396 2154 2553 3825 
2629 1322 1888 2096 2645 2646 
2624 4305 2643 
314 765 2565 
196 3949 4506 938 3169 1098 1137 3790 1202 1563 4429 3031 4247 2240 2375 3655 2493 
152 699 3181 2033 2095 2196 2448 2560 2576 
897 
11 2950 169 323 402 569 592 633 2883 2627 2953 2823 2636 1993 4448 2080 3749 2957 2215 2224 2764 2268 4343 3365 2512 2649 4252 
4372 3515 470 4083 605 850 3230 3088 1030 1079 1139 1209 1237 1268 3968 1380 1515 1537 1565 1627 1637 1765 1787 2122 2209 3583 4418 2483 2527 2542 2555 3117 
3515 605 850 3230 3088 3968 2209 4418 
470 1237 1268 1380 1787 2122 2483 2527 3117 
15 101 199 222 226 250 3743 331 369 423 441 559 563 576 640 642 688 4504 792 865 952 972 989 996 1049 4362 1102 1105 1189 1241 2790 1294 1341 1396 2792 1590 1601 4037 1727 1902 3215 1957 3216 3023 2892 2071 2193 2231 3830 2262 2295 2298 2362 2371 2872 2388 2393 2396 3218 2907 2553 3825 2569 3644 3165 
2103 3624 
66 138 179 198 382 386 3623 415 672 715 796 845 855 864 878 3180 1058 1093 2837 3457 1302 1307 1361 1409 1412 1509 1522 1584 3814 1756 1828 1911 4040 1939 2073 2701 2980 2160 3419 3034 2376 2430 2432 3499 3061 2775 2578 2605 3279 
2725 
340 4164 521 2959 854 4169 1104 1428 3407 1703 1794 2173 4064 3379 3380 4291 
340 4164 521 4169 1104 1428 3379 4291 
521 854 1104 1703 1794 4064 3379 3380 
4164 2959 4169 1428 3407 2173 4291 
521 3379 
1703 3379 
4164 4291 
224 385 4441 601 927 3025 1685 1912 2268 2316 2497 
403 530 1757 1894 2067 4120 
1226 1446 1491 
3466 4466 800 1929 2259 
1031 1948 
866 1689 1851 1855 2203 
1642 2509 
111 607 758 2884 1548 1967 4156 2958 
63 228 757 1028 2876 2780 
162 483 1447 2810 
3473 4292 1323 1734 1921 
1185 1314 2456 
906 1952 1970 
1066 1871 4484 2598 
13 436 466 1024 2313 3363 
66 138 198 415 672 715 796 845 864 878 3180 1093 2837 3457 1307 1522 3814 1756 1828 1911 2160 2376 2430 2775 2605 3279 
154 226 563 576 581 682 708 2913 2914 989 3209 1183 1269 3737 2071 2300 2805 
132 135 513 2676 858 4133 2772 
325 425 629 1133 1154 1254 3910 2965 3435 
166 678 
367 585 4280 908 1002 1461 1718 3311 3490 2907 3225 

890 1354 
3387 751 908 1264 1269 1461 1551 2149 3388 2404 2649 
2856 650 2858 
42 1739 1997 2675 
22 1056 2532 
1810 2284 
3630 3335 
159 275 1325 1543 2005 4435 2276 
159 1543 4435 2276 2368 
3192 2789 1914 1994 3771 2887 
2271 
1802 2050 2465 
3121 1768 
183 4084 1062 3678 2662 4060 2921 
376 518 
21 2435 
460 1370 3774 2288 
681 3303 
1478 2126 
695 716 795 991 3316 
417 830 3587 
1321 1541 1648 2104 3238 
832 1377 1449 1648 2002 2104 2121 4061 
3073 2767 
4167 
160 
1093 1361 1605 1744 1756 4040 2026 3163 
3923 299 322 340 375 4164 448 686 3148 829 3399 1297 4242 1505 1513 1779 1795 1898 2011 3650 2131 4348 4368 2343 2348 2939 3541 2497 4291 
1084 3089 
2855 4459 4162 1662 1713 1836 2409 
3027 3816 
1099 3328 
2993 1501 
55 224 3167 2632 2634 1960 2641 2685 2552 
628 3236 3285 
358 2274 
2041 2134 
2041 4345 
11 2950 402 592 2953 2080 2957 2224 2764 3365 2512 
4448 2224 2764 3365 2649 
1264 2404 
634 2610 
1 634 2732 671 1839 2610 3441 
3337 3729 
500 528 
642 4504 1396 3825 
4413 1551 4334 2907 2895 
405 559 3055 3283 1946 3524 4496 
3792 3772 
5 2905 1757 1894 2067 4120 
354 703 841 2521 
239 2879 
2911 93 407 428 474 3386 586 684 696 840 842 843 918 946 976 978 2616 1014 1046 3542 1113 1165 1228 1363 1383 4308 1437 1442 1443 1450 1529 1568 1600 1604 1642 1678 4309 4541 1787 1865 1874 1931 1961 1964 1989 2027 2036 2077 2084 2178 4006 2325 2350 2357 2408 2463 2496 2509 
24 59 208 1249 2188 2969 
63 142 228 757 1028 1281 2845 1738 2876 4074 2201 2780 
1031 1411 1586 3858 1948 2146 
863 3413 
992 1430 1437 2317 
199 441 688 972 1294 1341 2792 3830 2371 2393 2396 3165 
199 447 3862 1294 1429 1630 3093 2150 2161 2227 2838 2393 2396 3369 3165 4378 
226 331 563 576 865 989 1189 3215 1957 3216 3023 2071 3218 2907 
581 708 1183 2315 2805 
286 3399 1796 2322 2580 
423 642 4504 1396 2553 3825 
95 371 549 3608 931 941 992 1047 1308 1418 1588 1737 1747 2169 2406 
23 66 3461 179 219 244 382 386 405 3623 415 476 534 663 672 693 715 720 786 796 845 864 878 3098 1016 3180 1058 1093 2837 3457 1119 3679 1302 1307 1361 1409 1412 1509 1522 1532 1584 1605 3814 1660 3291 1693 1744 2871 1756 1828 3245 2897 1911 4040 1939 2026 2061 2073 2701 2980 2160 3419 3034 2232 2370 2376 2430 2432 3643 2501 3163 3499 3061 2775 2578 4076 2873 3279 
796 878 3180 1093 1302 1307 3814 1756 1828 2376 2775 3279 
179 3623 796 1058 1093 1361 1584 1756 1828 4040 3419 2376 3279 
382 386 1409 1412 1509 1939 2073 2980 3034 2432 3499 2578 
66 672 845 864 1522 1911 2701 2160 
1801 4090 
66 375 475 672 845 855 864 1236 1257 3121 1297 1768 1779 1911 2160 2939 
1097 3565 2055 2130 3693 3694 2803 4346 
788 2723 
102 1564 
128 4014 
71 3359 264 306 334 3383 548 3239 3153 1296 1452 1467 3979 1654 3842 4523 3805 2198 2235 3489 4108 
196 3949 4506 4503 938 3169 1098 1137 3790 1202 1563 4429 3031 4247 3692 2671 2240 2375 3655 2493 
1470 1863 2700 2424 
2855 1713 
209 431 1074 
1439 
26 67 2716 4419 3138 134 157 167 3923 322 350 3250 3943 404 434 4082 3469 510 535 3373 611 675 4224 709 3952 766 811 838 3783 3537 923 4087 3731 955 2931 3482 3868 1023 3580 1077 3555 1112 4170 1164 1199 1207 3963 4043 3047 1231 1311 3048 1358 1392 1414 4217 3552 1504 1505 3976 2918 4211 1608 1632 3709 4088 3925 3817 2652 3549 1773 2731 1822 1859 3995 1870 3766 1890 3918 3349 1915 3211 2752 4257 3051 2074 2105 2129 4348 2173 2829 3424 2260 3307 4538 2348 2378 4044 2753 4096 3288 3541 3056 3381 2528 2560 
209 431 1346 3756 2081 
3601 
905 2066 
8 442 593 1395 4450 1431 1690 
155 377 414 445 520 523 2806 662 683 698 759 785 2711 833 920 2623 3385 939 3563 961 967 1121 2916 1171 1184 3374 2631 3020 1424 2846 1904 1953 2097 3348 2359 2374 3305 3576 3497 2579 2584 
785 833 3385 3563 1121 1184 1424 1953 2097 3348 2374 3497 2579 
6 26 67 71 2716 4419 3138 134 152 157 167 178 3359 196 203 3923 264 306 322 334 3371 350 375 3250 3332 3943 404 424 434 4082 3383 3469 510 511 2710 535 3373 548 3239 3949 611 3471 4506 675 677 4224 709 4503 3952 2899 762 763 766 780 793 799 811 838 3783 3537 876 923 4087 3731 938 955 2931 962 3153 3169 3482 3868 1023 3580 1077 1098 3555 1112 4170 1136 1137 1164 3790 1178 1192 1194 1199 1202 1207 3963 4043 3047 1231 3374 3347 1277 1283 1296 1311 3048 1358 1392 3970 2954 1414 1452 1467 4135 4217 1484 3552 1504 1505 3697 3820 1563 3976 2918 4429 4211 1599 2613 1608 3979 1629 3031 1632 3709 3895 1654 1673 3224 4088 2713 4150 1692 3704 3925 3817 2652 3549 1772 1773 2731 1811 1822 1859 1860 3995 1870 3766 1890 3918 3842 3349 1915 3211 1964 3414 2752 4257 4247 4523 2065 3051 2700 2074 2079 3920 3275 3377 3805 2105 2129 3692 4348 4038 2173 4468 2829 2198 3424 2216 2235 2236 2671 2240 2260 3306 2278 2285 3307 2296 4538 2348 2800 3489 2375 2378 3803 4044 2407 2753 3655 4096 2479 3288 3541 2489 3673 2493 3056 4213 4108 3381 2528 2560 2614 3929 2593 2597 
1477 1649 3321 
2026 3163 
32 587 602 637 858 960 4351 1556 1653 1743 1830 1999 2219 2290 3217 2583 
793 3820 
4459 4162 1662 1836 2409 
152 699 3181 2033 2095 2448 
6 178 2613 2655 2614 
85 770 1036 2052 2503 2539 
182 527 1958 2832 
237 881 1153 4212 
4090 
2481 2487 3228 
25 170 232 284 380 504 589 612 645 770 789 841 969 1108 1123 1146 1150 1397 4129 1437 3264 1562 1570 1598 1610 1667 1679 1715 1887 2012 2022 2042 2269 2317 2389 2462 2840 3501 2545 2562 
260 385 484 3126 601 3012 2652 1912 1918 2185 
1348 1580 
368 889 1345 1458 
683 961 2631 3020 2846 2359 3305 
414 445 662 698 2711 920 939 1904 3576 2584 
10 2912 585 2620 2621 908 1461 1732 1889 1935 2149 3225 
3744 3045 4099 4417 
1559 1901 2457 
1577 1593 1709 2004 
4104 2624 1454 2643 
232 645 1146 2462 
25 4129 1562 3501 
164 3109 350 454 591 688 748 1015 1215 1477 2792 1827 2725 2152 2301 2380 

1262 1998 
1342 1531 1674 1705 4200 2400 
1233 
269 526 3292 4310 1211 1499 2804 2833 2907 
1993 2215 2764 
53 338 932 1078 4310 1245 1387 1856 4039 1972 3581 
925 3187 3843 
222 250 792 1105 1241 2790 2892 
15 3743 559 1049 1902 2298 2362 
987 1050 3622 
240 4344 
195 579 
759 875 
176 2828 
3563 1121 1184 1953 2097 3348 3497 
785 833 3385 1424 2374 2579 